1137,0.3660531697341513
1137,0.3835946924004825
1137,0.3787878787878788
1137,0.5458937198067633
1137,0.26900584795321636
1137,0.6413393432066967
1137,0.8417811463761251
1137,0.7002840909090909
1137,0.5106822880771882
1137,0.3393617021276596
1137,0.5153284671532846
1137,0.5052696838189709
1137,0.38912788423934297
1137,0.16469145892930118
1137,0.17669819432502148
1137,0.20699172033118676
1137,0.21505777115169586
1137,0.17947310647639955
1137,0.644015444015444
1137,0.5020678246484698
1137,0.45800176834659595
1137,0.36133013369900585
1137,0.376803551609323
1137,0.3718300205620288
1137,0.5772811918063314
1137,0.43614457831325304
1137,0.36445993031358886
1137,0.4067558057705841
1137,0.7268757443429933
1137,0.693051890941073
1137,0.4509109311740891
1137,0.343846949327818
1137,0.3228813559322034
1137,0.5141828005402972
1137,0.48697674418604653
1137,0.30745658835546474
1137,0.6188340807174888
1137,0.3660531697341513
1137,0.3835946924004825
1137,0.3787878787878788
1137,0.5458937198067633
1137,0.26900584795321636
1137,0.6413393432066967
1137,0.8417811463761251
1137,0.7002840909090909
1137,0.5106822880771882
1137,0.3393617021276596
1137,0.5153284671532846
1137,0.5052696838189709
1137,0.38912788423934297
1137,0.16469145892930118
1137,0.17669819432502148
1137,0.20699172033118676
1137,0.21505777115169586
1137,0.17947310647639955
1137,0.644015444015444
1137,0.5020678246484698
1137,0.45800176834659595
1137,0.36133013369900585
1137,0.376803551609323
1137,0.3718300205620288
1137,0.5772811918063314
1137,0.43614457831325304
1137,0.36445993031358886
1137,0.4067558057705841
1137,0.7268757443429933
1137,0.693051890941073
1137,0.4509109311740891
1137,0.343846949327818
1137,0.3228813559322034
1137,0.5141828005402972
1137,0.48697674418604653
1137,0.30745658835546474
1137,0.6188340807174888
1686,0.20830929024812464
1686,0.16375198728139906
1686,0.2293040293040293
1686,0.18910585817060638
1686,0.22391857506361323
1686,0.28600612870275793
1686,0.19625292740046837
1686,0.1935096153846154
1686,0.20253164556962025
1686,0.16249153689911983
2090,0.25703200775945684
2090,0.20921985815602837
2090,0.18487394957983194
2090,0.28429752066115704
571,0.6204055766793409
571,0.7976878612716763
571,0.2640883977900553
571,0.5997229916897507
571,0.5514266755142667
571,0.6942070275403609
571,0.7285522788203753
571,0.46206896551724136
571,0.45544554455445546
571,0.4194078947368421
571,0.2315035799522673
1577,0.22169249106078665
1577,0.15432098765432098
1577,0.2564102564102564
1577,0.2590909090909091
1577,0.21875
1577,0.26556016597510373
1577,0.3311897106109325
1577,0.22818791946308725
1577,0.22549019607843138
1577,0.30952380952380953
1577,0.290150842945874
1577,0.2968980797636632
1577,0.25309992706053974
1577,0.1684981684981685
1577,0.2657621707901037
1577,0.21551724137931033
1577,0.2943777637397347
2069,0.2607398568019093
2069,0.31752055660974066
2069,0.211864406779661
2069,0.4725177304964539
2069,0.6744897959183673
2069,0.33962264150943394
2069,0.5472578763127188
2069,0.6265286923800565
2069,0.7520325203252033
2069,0.4416611733684904
2069,0.11196319018404909
2069,0.12307692307692308
2069,0.24841437632135308
2069,0.35144198524480214
2069,0.4464110127826942
2069,0.41304347826086957
2069,0.2274401473296501
2069,0.15316760224538895
2069,0.3770672546857773
2069,0.4161490683229814
2069,0.3353198251887167
22,0.8724584103512015
22,0.7623497997329773
22,0.5757042253521126
22,0.8928571428571429
22,0.432
22,0.4713740458015267
22,0.8049645390070922
22,0.6625421822272216
22,0.6434262948207171
22,0.7041123370110332
22,0.4283276450511945
22,0.08123791102514506
167,0.41025641025641024
167,0.5038363171355499
167,0.7003699136868065
167,0.2997658079625293
167,0.5102040816326531
167,0.5344325897187197
167,0.5791015625
167,0.5699100572363042
167,0.3514056224899598
167,0.27715795654726955
167,0.27783505154639176
167,0.21462043111527648
167,0.4641255605381166
167,0.8156732891832229
167,0.3125
167,0.30128205128205127
167,0.5525773195876289
1530,0.37704081632653064
1530,0.31805388017692
1530,0.4171676686706747
1530,0.3811188811188811
1530,0.43489861259338314
1530,0.5565565565565566
1530,0.41673783091374894
1530,0.3397497593840231
1530,0.38914405010438413
1530,0.30460385438972165
1530,0.2963701635420822
1530,0.36811023622047245
1530,0.3597122302158273
1530,0.41582247949831164
1530,0.24538031800601634
1530,0.2563451776649746
1530,0.464445868033312
1530,0.30466605672461117
1530,0.2734447539461467
1530,0.2953883495145631
1530,0.2607440667094291
1530,0.36388008774067754
1530,0.311262026032824
1530,0.29586935638808837
1530,0.23909531502423265
1530,0.30349794238683125
1896,0.8321858864027539
1896,0.5497975708502024
1896,0.6212121212121212
1896,0.5444214876033058
1896,0.5058419243986254
1896,0.438180956892468
1896,0.4562760261748959
1896,0.6185897435897436
1896,0.5709497206703911
1896,0.9210415791684167
1896,0.37029200169276344
1896,0.34408602150537637
1896,0.8492884864165589
1896,0.8003586371787209
1896,0.34456207892204044
1896,0.5049857549857549
1896,0.41086749285033364
1896,0.38698140200286124
1896,0.5526751241036956
1896,0.5010570824524313
1896,0.43843379701184954
1896,0.8583743842364532
1896,0.9125230202578268
1896,0.7478184991273996
1896,0.8427853553481695
1896,0.5955649419218585
1896,0.49159663865546216
1896,0.8835690968443961
1896,0.3346878463243443
1896,0.8067484662576687
1896,0.7191011235955056
1896,0.7324022346368715
1896,0.476231884057971
1896,0.3150259067357513
1896,0.6671001300390117
1896,0.7254290171606864
1896,0.7131914893617022
1896,0.7523857358111502
1896,0.6450242718446602
1896,0.5207290922087205
1896,0.47368421052631576
1896,0.6381909547738693
1896,0.7989821882951654
1896,0.39777983348751156
1896,0.43023255813953487
1896,0.5033112582781457
1896,0.32644628099173556
1896,0.7053291536050157
1896,0.837707182320442
1896,0.44377630787733013
1896,0.6900347624565469
1896,0.552344251766217
1896,0.3010794140323824
1896,0.8629989212513485
1896,0.3
1896,0.6855479089465325
1896,0.6152398871119473
1896,0.4679569892473118
1896,0.4632192279679534
1896,0.3883495145631068
1896,0.5778085991678225
1896,0.4787835926449788
1896,0.7091891891891892
1896,0.7651898734177215
1896,0.533096926713948
1896,0.9029585798816568
1896,0.5087336244541485
1896,0.42011412268188303
1896,0.509009009009009
1896,0.36476523088863017
1896,0.5293088363954506
1896,0.6878048780487804
1896,0.30673143650242884
1896,0.43996291145108946
1896,0.5454545454545454
1896,0.7561761546723953
1896,0.5190339746213671
1896,0.30303030303030304
1896,0.4554317548746518
1896,0.6061507936507936
1398,0.3722794959908362
1398,0.19624217118997914
1398,0.13063763608087092
1398,0.1518186610437533
1398,0.10570987654320987
1398,0.1390728476821192
1398,0.5231719876416066
1398,0.48823529411764705
1398,0.2963458110516934
1398,0.2739938080495356
1398,0.6060842433697348
1398,0.3617021276595745
1398,0.30833333333333335
1398,0.4670487106017192
1398,0.48269581056466304
1398,0.3595744680851064
1398,0.2821742605915268
1398,0.2087205146533238
1398,0.23277467411545624
1398,0.1986111111111111
1398,0.25220458553791886
1398,0.31690140845070425
1398,0.22841444270015698
1398,0.40667678300455234
1398,0.28182807399347115
1398,0.2832699619771863
1398,0.28563084112149534
1398,0.2004950495049505
1398,0.29982668977469673
1398,0.23087818696883852
1398,0.152832674571805
1398,0.25766871165644173
1398,0.3651226158038147
1810,0.336015538290788
1810,0.2534343912837518
1810,0.21426611796982167
1810,0.2090080971659919
1810,0.3673469387755102
1810,0.3859480269489894
1810,0.4520249221183801
1810,0.3097622027534418
1810,0.12046632124352331
1810,0.45507584597432904
1810,0.4151967435549525
1810,0.6574977817213842
1810,0.5631067961165048
1810,0.9188876013904983
1810,0.48863636363636365
1810,0.3485530546623794
1810,0.47771836007130125
1810,0.501505376344086
1810,0.36553524804177545
1810,0.36607749830047587
1810,0.4130781499202552
1810,0.3656019656019656
1810,0.3599579611140305
1810,0.45292347377472053
1810,0.5401885945217781
1810,0.19123065585851143
1810,0.3290548424737456
1810,0.13892365456821026
1810,0.4386584289496911
1810,0.149755832881172
1810,0.3348708487084871
1810,0.31813953488372093
1810,0.36524300441826213
1810,0.491869918699187
1810,0.4222222222222222
1810,0.48117839607201307
1810,0.2628909551986475
1810,0.4824331410592554
1810,0.5612185120093731
1810,0.4555903866248694
1810,0.2682291666666667
1810,0.44529820709842666
1810,0.25863991081382387
1810,0.3195146612740142
1810,0.4520493434142459
1810,0.4670361726954492
1254,0.3426865671641791
1254,0.4675
1254,0.18787878787878787
1254,0.16075886170743883
1254,0.16666666666666666
1254,0.5079840319361277
1254,0.16468590831918506
1254,0.1707941929974381
1254,0.1327485380116959
1254,0.22769133058113686
1254,0.17309205350118018
1254,0.1410071942446043
1254,0.2199248120300752
1254,0.22926596758817921
1254,0.29304635761589404
1254,0.2681818181818182
1254,0.286159169550173
1254,0.19710806697108066
1254,0.2998976458546571
1254,0.23006535947712417
262,0.2874806800618238
262,0.24453168816601234
262,0.2247191011235955
2607,0.18150174042764794
2607,0.2317596566523605
2607,0.17341040462427745
2607,0.17201540436456997
2607,0.30859375
2607,0.1366906474820144
2607,0.5512465373961218
2607,0.3656565656565657
2607,0.20141342756183744
2607,0.24659231722428748
2607,0.34025974025974026
2607,0.12054794520547946
2607,0.2625656414103526
2607,0.19651630192050024
2607,0.2587112171837709
2607,0.2736077481840194
2607,0.3528472591804151
2607,0.18199608610567514
2607,0.1755567063697566
2607,0.3214689265536723
2607,0.20202020202020202
2607,0.27915057915057917
2607,0.27058823529411763
2607,0.6099585062240664
2607,0.33859822309970383
2607,0.26265560165975105
2607,0.19171348314606743
2607,0.2232223222322232
54,0.5773610180843939
54,0.2972972972972973
54,0.3651877133105802
54,0.5570866141732284
54,0.4507042253521127
54,0.34375
54,0.3196523418638339
54,0.5711267605633803
54,0.3546423135464231
410,0.27304347826086955
410,0.23033389926428977
410,0.1884150222788033
410,0.21657250470809794
410,0.3875562218890555
410,0.1513353115727003
410,0.24309723889555823
410,0.3780612244897959
410,0.4254032258064516
410,0.2618296529968454
410,0.2669562312061477
410,0.26222461042450296
410,0.15038484310242747
410,0.30470249520153553
410,0.38301886792452833
410,0.20488010096760623
410,0.2402464065708419
410,0.3836477987421384
410,0.574869109947644
410,0.19884393063583816
410,0.23777173913043478
410,0.19043760129659643
410,0.4709141274238227
410,0.5763688760806917
410,0.27147766323024053
410,0.32574031890660593
410,0.9454926624737946
410,0.4359205776173285
410,0.382089552238806
410,0.41987577639751555
410,0.3258575197889182
410,0.3615189873417721
410,0.224927907721884
410,0.37290121046466224
410,0.3930104230533415
410,0.37659187386294724
410,0.34232365145228216
410,0.24261911721718796
410,0.2331288343558282
410,0.7410071942446043
1364,0.09601449275362318
1364,0.4135753749013418
1364,0.615568862275449
1364,0.46755407653910147
1364,0.6358680839465795
1364,0.36895963615690736
1364,0.5818735719725818
1364,0.4191852825229961
1364,0.40091813312930374
1364,0.2934083601286174
1364,0.5223283030489683
1364,0.6612534309240622
1364,0.13126079447322972
1364,0.29097605893186
1364,0.38950276243093923
1364,0.48471849865951744
1364,0.7059162504802151
1364,0.5433546552949537
604,0.2525083612040134
604,0.21533101045296169
604,0.26307922272047835
604,0.16934619506966775
604,0.23297491039426524
604,0.21594349142280525
604,0.17792421746293247
604,0.10610932475884244
604,0.12476722532588454
604,0.1717948717948718
604,0.20627376425855512
604,0.21074380165289255
604,0.22131887985546522
604,0.18298555377207062
604,0.1897891231964484
604,0.12380952380952381
560,0.6410066617320503
560,0.156195462478185
560,0.4696699375557538
560,0.23823109843081314
560,0.48012718600953896
560,0.3867151956323931
253,0.24793388429752067
253,0.2691131498470948
253,0.24728588661037396
253,0.23728813559322035
253,0.16284680337756333
253,0.2151639344262295
253,0.23060796645702306
253,0.2250996015936255
253,0.2089041095890411
1502,0.1781864299302473
1502,0.18661588683351468
1502,0.27419354838709675
1502,0.4678875419138509
1502,0.354126679462572
1502,0.6612184249628529
1502,0.4591246903385632
1502,0.1942215088282504
1502,0.5230531656739467
1502,0.18645731108930325
1502,0.17782738095238096
1502,0.496594427244582
1502,0.23949782713664897
1502,0.19017857142857142
1502,0.3285248953001396
1502,0.255338904363974
1502,0.07789473684210527
1502,0.15391621129326047
1502,0.29954489035995036
1502,0.3600139811254806
1502,0.4661308840413318
426,0.21602787456445993
426,0.3080082135523614
426,0.7243460764587525
426,0.2298507462686567
426,0.11514195583596215
426,0.29411764705882354
426,0.24564796905222436
426,0.40625
426,0.36681222707423583
426,0.51
426,0.0625
426,0.11935110081112399
426,0.4954954954954955
426,0.6359832635983264
426,0.19516407599309155
426,0.20958083832335328
426,0.17424242424242425
426,0.44882914137033825
426,0.45496535796766746
426,0.42330677290836655
426,0.6219839142091153
426,0.35327635327635326
426,0.31761565836298933
426,0.10338345864661654
426,0.5033492822966508
426,0.4244843646041251
269,0.33725051296399927
269,0.25289017341040465
269,0.5218317358892439
269,0.3934142114384749
269,0.4182692307692308
269,0.30879345603271985
269,0.4042857142857143
269,0.4987012987012987
269,0.20265151515151514
269,0.46563407550822844
269,0.3259644560034677
269,0.2684529828109201
269,0.19957649550026468
269,0.3184713375796178
269,0.1720226843100189
269,0.09782608695652174
269,0.34290540540540543
269,0.3791612624297449
269,0.2761870242841609
269,0.3344671201814059
269,0.6019354838709677
269,0.7654569892473119
269,0.44996347699050404
269,0.5502149277061352
269,0.6879547291835085
269,0.40729001584786056
2641,0.8388405797101449
2641,0.7047484720263282
2641,0.8068441064638783
2641,0.7041751527494908
2641,0.7781266352694924
2641,0.2876602564102564
2641,0.7618125484120837
2641,0.9367977528089888
2641,0.41564625850340137
2641,0.4444096461008456
2641,0.46919976971790445
2641,0.3554773427188737
2641,0.8803165182987142
2641,0.7838014369693012
2641,0.577910447761194
2641,0.5249597423510467
2641,0.6707855251544572
2641,0.584070796460177
2641,0.5025406504065041
2641,0.7240164415736935
2641,0.6408045977011494
2641,0.9579158316633266
2641,0.328971119133574
2641,0.2632768361581921
2641,0.467053241960991
2641,0.23742690058479532
2641,0.3811074918566775
2641,0.6714387974230493
2641,0.5856095936042638
2641,0.6989603024574669
2641,0.4052213393870602
2641,0.5442857142857143
2641,0.5764840182648402
2641,0.570464135021097
2641,0.7244701348747592
2641,0.743992606284658
2641,0.44415584415584414
2641,0.39210526315789473
2641,0.4974025974025974
2641,0.8731517509727627
2641,0.32171748599875544
2641,0.8795986622073578
2641,0.4294770206022187
2641,0.39283776451437874
2641,0.5978956999085087
2641,0.5099931082012406
2641,0.6002844950213371
2641,0.4032371569317382
2641,0.4606157536985206
2641,0.4776176024279211
2641,0.32857845548450565
2641,0.456
2641,0.3925883034163289
2641,0.6610294117647059
2641,0.34353146853146854
2641,0.5535105657805044
2641,0.36515748031496065
2641,0.5237603305785123
2641,0.40774299835255357
2641,0.6692111959287532
2641,0.24064837905236908
2641,0.3789712556732224
2641,0.25785340314136124
2641,0.6331521739130435
2641,0.6244284781188766
2641,0.7997557997557998
2641,0.5128012048192772
2641,0.6202310115505776
2641,0.5608214849921012
2641,0.88189448441247
2641,0.662715882153742
2641,0.7360912981455064
2641,0.746922024623803
2641,0.6396140749148694
2641,0.3887427669647554
2641,0.800705467372134
2641,0.9653710247349824
265,0.21052631578947367
265,0.2802690582959641
265,0.18779342723004694
265,0.18973561430793157
265,0.3333333333333333
265,0.1652046783625731
265,0.23655913978494625
265,0.29380053908355797
265,0.41333333333333333
265,0.268871925360475
265,0.20113154172560113
1630,0.11060433295324971
1630,0.08054226475279107
1630,0.08462974486621033
1630,0.17235772357723578
1630,0.1413678065054212
1630,0.3291316526610644
1630,0.17144402379664683
1630,0.6957001102535832
1630,0.756951596292482
1630,0.4041353383458647
1630,0.39729921819474057
1630,0.16920026437541308
1630,0.23790322580645162
1630,0.16458159577425632
1630,0.22601984564498345
1630,0.2614742698191933
1630,0.1508714596949891
1630,0.22536945812807882
1630,0.19063360881542699
1630,0.23591087811271297
1630,0.16067415730337078
1630,0.25073920756948553
1630,0.47854545454545455
1630,0.3556521739130435
1630,0.16228265715559517
1630,0.15510384445426426
1630,0.7868852459016393
1630,0.14981855883877657
1630,0.16325301204819276
1630,0.13955928646379853
1630,0.19103222793087343
1630,0.2166469893742621
1630,0.16370106761565836
1630,0.10638297872340426
1630,0.14500683994528044
1630,0.15701881331403764
1630,0.7949579831932773
1630,0.5775535939470365
1630,0.4783783783783784
1630,0.15467359050445104
1630,0.2481586402266289
1630,0.5278551532033426
1630,0.24423804609563124
1442,0.20859671302149177
1442,0.1520811099252935
1442,0.3044224989265779
1442,0.21711366538952745
1442,0.2227763923524522
1442,0.21486928104575165
1442,0.2617220801364024
1442,0.20670698185816383
1442,0.420249653259362
1442,0.30426356589147285
1442,0.2419596110695587
1442,0.23258785942492013
1442,0.1544
1442,0.2439824945295405
2018,0.19117647058823528
2018,0.28995756718529
2018,0.3857795545402627
2018,0.44221105527638194
2018,0.2158176943699732
2018,0.42323174238067857
2018,0.3575
2018,0.313543599257885
2018,0.23655913978494625
2018,0.1111111111111111
2018,0.49868073878627966
2018,0.4035902197462086
2018,0.3572938689217759
2018,0.28969359331476324
2018,0.36459246275197194
2018,0.4073469387755102
478,0.27580372250423013
478,0.5194223107569721
478,0.49356223175965663
478,0.47974413646055436
478,0.48935473304945953
478,0.2255892255892256
478,0.21378504672897197
478,0.654368932038835
478,0.6053191489361702
478,0.19556451612903225
478,0.10973084886128365
478,0.2507987220447284
478,0.5792880258899676
478,0.15545755237045203
478,0.4549483013293944
478,0.2017220172201722
478,0.22793404461687683
478,0.18993586581154415
478,0.3630057803468208
307,0.5973462002412545
307,0.8349642453895371
307,0.7739156268568034
307,0.8044504383007417
307,0.7842718446601942
307,0.9822824387701928
307,0.9777542372881356
307,0.9019365471775855
307,0.8991339786041773
307,0.38299737072743206
307,0.8955223880597015
307,0.914396887159533
307,0.9179864253393665
307,0.8692015209125475
307,0.8941925218774861
307,0.7937679376793768
307,0.9545787545787546
307,0.9335195530726257
307,0.8593386120167675
307,0.4485611510791367
307,0.6548869786692136
307,0.8970406905055487
307,0.9833024118738405
307,0.8255350018135654
307,0.9160357880247764
307,0.8171921070537537
307,0.6970618034447822
307,0.8649210307564422
307,0.45705402254178
307,0.9085305719921104
307,0.7274657086871326
307,0.7191335740072202
307,0.7702318015453437
307,0.7762456910059542
307,0.7416173570019724
307,0.9397889509621353
307,0.8002136752136753
307,0.8742690058479532
307,0.9645232815964523
307,0.9630086313193588
307,0.9378757515030061
307,0.9253731343283582
307,0.9362984218077475
307,0.9598540145985401
307,0.8079161816065192
307,0.8853982300884956
307,0.9377537212449256
307,0.7066128531511953
307,0.8773327264451525
307,0.6168639053254438
307,0.8674588665447898
307,0.9026915113871635
307,0.7524809160305344
307,0.9728682170542635
307,0.4645426515930113
307,0.5944272445820433
307,0.7663645518630413
1758,0.6077981651376146
1758,0.31946144430844553
1758,0.5724137931034483
1758,0.5325520833333334
1758,0.9421281891723708
1758,0.541025641025641
1758,0.9464701318851824
1758,0.5243757431629013
1758,0.9549485633203264
1758,0.3905146316851665
1758,0.5487347703842549
1758,0.5827751196172248
1758,0.9784688995215312
1758,0.7572815533980582
1758,0.26683291770573564
1758,0.48628884826325414
1758,0.438685208596713
1758,0.7615947925142392
1758,0.9717557251908397
1758,0.18952234206471494
1758,0.5193548387096775
983,0.2677063027940221
983,0.23199393479909022
983,0.3655560769591741
983,0.40843621399176955
983,0.22210526315789475
983,0.3772931810314988
983,0.2957839262187088
983,0.315284441398218
983,0.9720843672456576
983,0.8497005988023952
983,0.9152404237978811
983,0.5608141245708681
983,0.47880299251870323
983,0.21009708737864077
983,0.3869677050585882
983,0.41895261845386533
983,0.559025394646534
983,0.5715596330275229
983,0.6653934300993124
983,0.6385542168674698
983,0.5822368421052632
983,0.5956820412168793
983,0.5393258426966292
983,0.6584197924980048
983,0.66
983,0.9329660238751147
983,0.9702643171806168
983,0.21076233183856502
983,0.29854254818993886
983,0.3418447107868682
983,0.5764914353219137
983,0.36423841059602646
983,0.3487049905243209
983,0.9717868338557993
983,0.9511173184357542
983,0.9636015325670498
983,0.9701694915254238
983,0.9699612403100775
983,0.8597857838364168
983,0.504725897920605
983,0.44200962052378406
983,0.48433420365535246
983,0.7778656126482213
983,0.6938291139240507
983,0.6385185185185185
983,0.5852828583581454
983,0.6128798842257598
983,0.7612781954887218
983,0.7178118745830554
983,0.48074245939675175
983,0.5465465465465466
983,0.3770801815431165
983,0.4755728491137051
983,0.6386344712739384
983,0.3931873479318735
983,0.7521367521367521
983,0.36217303822937624
983,0.38739669421487605
983,0.32653061224489793
983,0.385331347728965
983,0.5620853080568721
983,0.609149957639085
983,0.8389830508474576
983,0.7736486486486487
983,0.9536354056902002
983,0.8333333333333334
983,0.9124087591240876
983,0.36381709741550694
983,0.30675723989989273
983,0.34539473684210525
983,0.3292943692088382
983,0.3953757225433526
983,0.39674315321983716
983,0.2932840418977203
983,0.3072227873855544
983,0.6526701997554015
983,0.7698412698412699
983,0.6056503825779871
983,0.2859848484848485
983,0.3849009900990099
983,0.2906574394463668
983,0.7796491228070176
983,0.6054831160147108
983,0.8571948998178507
983,0.9705882352941176
983,0.9754385964912281
983,0.9066293183940243
983,0.8036314727639543
983,0.8881469115191987
983,0.6559070367979342
983,0.5544584081388391
983,0.6109229466553768
983,0.49659201557935734
983,0.6547619047619048
983,0.4513338139870223
983,0.5100401606425703
983,0.5718503937007874
983,0.4908474576271186
983,0.45589273112208895
983,0.5200856989823246
983,0.5034756703078451
1279,0.5826693227091634
1279,0.4648074369189907
1279,0.3201492537313433
1279,0.6895522388059702
1279,0.545609548167093
1279,0.2582236842105263
1279,0.31795918367346937
1279,0.3509803921568627
1279,0.38107714701601164
1279,0.32987551867219916
1279,0.3928934010152284
1279,0.34525939177101966
1279,0.5976855003403676
1279,0.43548387096774194
1279,0.3267026298044504
1279,0.5885328836424958
1279,0.6681841173495194
1279,0.32967032967032966
1743,0.13951762523191094
1743,0.2708411920030177
1743,0.49059561128526646
1743,0.24135876042908225
1743,0.25
1743,0.5853494623655914
1743,0.6486915146708961
1743,0.30713082537900055
1743,0.3018159048215404
1743,0.758590308370044
1743,0.93646408839779
1743,0.39233858510966946
1743,0.6212765957446809
1743,0.2374189564680457
1743,0.3361998361998362
1743,0.6574690770694577
1743,0.3898305084745763
1743,0.2951524628616106
1743,0.238403451995685
1743,0.28081072245831973
1743,0.21196893558702604
1743,0.36115748469671677
1743,0.2585969738651995
1743,0.5263157894736842
1743,0.20871459694989106
1743,0.13678553981436248
1743,0.37339635381498987
1743,0.5708812260536399
1743,0.4582429501084599
1743,0.31406888499708113
1743,0.2949602122015915
1743,0.37597911227154046
1743,0.36964078794901506
1743,0.3863558450462804
1743,0.300739787713091
1743,0.3055739880557399
1743,0.4356936416184971
1743,0.21354616048317515
1743,0.27700220426157235
1743,0.2646784715750233
1743,0.18313953488372092
1743,0.23577235772357724
1743,0.17892644135188868
1743,0.16110304789550073
1743,0.2700906344410876
1743,0.24168383868118928
1858,0.5624082232011748
1858,0.3373493975903614
1858,0.5184
1858,0.2730015082956259
1858,0.34203296703296704
1858,0.5462633451957295
303,0.1893644617380026
303,0.1955069823922283
303,0.11314984709480122
303,0.19057971014492753
1155,0.6644859813084112
1155,0.4510939510939511
1155,0.43459174714661986
1155,0.4764749813293503
1155,0.4782122905027933
1155,0.5491843796342066
1155,0.3051302712865968
1155,0.7062457103637612
1155,0.6751152073732719
1155,0.30782855118668084
1155,0.4964007198560288
1155,0.6681318681318681
1155,0.42061700526711815
1155,0.7973856209150327
1155,0.3943979394719897
227,0.4774034511092851
227,0.3830935251798561
227,0.5067567567567568
227,0.4206773618538324
227,0.4438356164383562
227,0.46835443037974683
227,0.4027355623100304
227,0.31181102362204727
227,0.5552282768777614
227,0.4592720970537262
209,0.3927355278093076
209,0.40235690235690236
209,0.38646616541353385
209,0.6236933797909407
209,0.7739463601532567
209,0.7264453961456103
209,0.8394070413835701
209,0.4303201506591337
209,0.8975966562173459
209,0.7638009049773755
209,0.48488664987405544
209,0.8700102354145343
209,0.6815203145478375
209,0.8739837398373984
209,0.30596026490066225
209,0.2724679029957204
209,0.3188405797101449
209,0.7356475300400535
209,0.4276885043263288
209,0.7354196301564723
209,0.7592788971367974
209,0.7662192393736018
209,0.7332556785090274
357,0.2640061396776669
357,0.40242234811486616
357,0.3669920683343502
357,0.5425985090521832
357,0.35362543621558745
357,0.5296969696969697
357,0.33352906635349383
357,0.24934131736526946
357,0.4773679798826488
357,0.2915101427498122
357,0.39294294294294296
357,0.39360730593607307
357,0.35420277296360486
184,0.34685314685314683
184,0.3816982687551525
184,0.22914072229140722
184,0.18394648829431437
184,0.3333333333333333
184,0.3824074074074074
184,0.4003021148036254
184,0.2907421576128539
184,0.4708554125662377
184,0.22786458333333334
184,0.33161350844277676
184,0.4096715328467153
184,0.5126436781609195
184,0.3157894736842105
184,0.398989898989899
184,0.330752990851513
184,0.38544474393531
184,0.3476161738080869
184,0.27805486284289277
184,0.31684491978609625
184,0.40253565768621236
184,0.29567519858781993
184,0.21317365269461078
184,0.2882882882882883
184,0.32510288065843623
184,0.25122083559414
184,0.43577981651376146
184,0.3634453781512605
184,0.45289256198347105
527,0.23744541484716158
527,0.3099347909474492
527,0.27958236658932717
527,0.2932098765432099
527,0.34807149576669805
527,0.32052923602219374
527,0.33519553072625696
527,0.3013698630136986
527,0.4315245478036176
527,0.30650570087189805
527,0.5022883295194508
527,0.5204313280363224
527,0.5074895146794488
527,0.3794808405438813
527,0.33796296296296297
527,0.3313343328335832
527,0.2511609907120743
527,0.40443037974683543
527,0.3640816326530612
527,0.3089855072463768
527,0.4711743772241993
527,0.2585905649388468
527,0.38192011212333565
527,0.32533482142857145
527,0.40146548399537213
527,0.34810126582278483
527,0.35858585858585856
527,0.3771626297577855
527,0.3130360205831904
527,0.41073236584542694
527,0.29918032786885246
527,0.3668704836020011
527,0.29026073619631904
527,0.2264246091780131
527,0.31767337807606266
1714,0.782608695652174
1714,0.5202492211838006
1714,0.2622107969151671
1714,0.5576592082616179
1714,0.6839416058394161
1714,0.6829745596868885
1714,0.9331175836030206
1714,0.547271329746349
1714,0.7340047393364929
1714,0.8317460317460318
1714,0.7291666666666666
1714,0.7216494845360825
1714,0.6416539050535988
84,0.5621090259159964
84,0.6288848263254113
84,0.3321554770318021
84,0.43776824034334766
84,0.5724244771494965
84,0.6026879462410751
84,0.41384388807069217
84,0.4676767676767677
84,0.7139784946236559
84,0.6363636363636364
84,0.5582191780821918
84,0.4695932339911397
84,0.5392545598731165
84,0.96875
84,0.3571745890715238
1088,0.6366906474820144
1088,0.37640449438202245
1088,0.08095238095238096
1088,0.49848024316109424
1088,0.36099585062240663
1088,0.35019455252918286
1088,0.3439306358381503
19,0.17305458768873402
19,0.3274606530420484
19,0.21569230769230768
19,0.267473858007705
19,0.2751269035532995
19,0.27469624933967246
19,0.378783958602846
19,0.14665127020785218
19,0.3124855758135241
19,0.2598996095928611
19,0.3105233955982985
19,0.3352176370830978
19,0.4208831646734131
19,0.5065543071161048
19,0.5850183823529411
19,0.39158211198797443
19,0.4438927507447865
19,0.5529910504003768
19,0.2829028290282903
19,0.25067096081588836
19,0.26261664444867644
19,0.23227229751024267
19,0.17873303167420815
19,0.1923968474733426
19,0.16720955483170466
19,0.3090521182566291
19,0.22940013183915622
19,0.15022421524663676
19,0.1618217054263566
859,0.47622531089978054
859,0.4594298245614035
859,0.351010101010101
859,0.3127147766323024
859,0.31360491929285167
859,0.3607681755829904
859,0.3602661596958175
859,0.4559207094418362
859,0.3301158301158301
859,0.468596395412343
859,0.27419354838709675
859,0.522599560224774
859,0.3223767383059418
859,0.2705479452054795
130,0.1518987341772152
130,0.20674157303370785
130,0.2868605817452357
130,0.38553226469379365
130,0.2552212389380531
130,0.2427536231884058
130,0.2516789254876879
130,0.4812345679012346
130,0.20214395099540583
130,0.3080459770114943
130,0.2694632065410594
130,0.3866481223922114
130,0.4237185319987868
130,0.29326287978863935
130,0.14233841684822077
130,0.35208866155157714
130,0.3382352941176471
130,0.3707606190319394
130,0.369949494949495
130,0.5
130,0.38809034907597534
130,0.3472823472823473
130,0.17205479452054795
130,0.24941397093295828
130,0.5956703910614525
130,0.5018270401948843
130,0.6351174934725848
130,0.3556851311953353
130,0.313179347826087
130,0.3034623217922607
130,0.34132747846647526
130,0.2955064737242955
130,0.23745277927684835
130,0.14915458937198067
130,0.22474747474747475
130,0.5566957414058491
1679,0.17026378896882494
1679,0.1737891737891738
1679,0.36082474226804123
1679,0.5250291036088475
1679,0.2216624685138539
1679,0.5902353966870096
1679,0.37586685159500693
1841,0.2967930029154519
1841,0.5510996119016818
1841,0.6784059314179796
1841,0.3141070187630299
1841,0.48209549071618035
1841,0.27004063538973033
1841,0.36077570435418954
1841,0.4619349722442506
1841,0.35148009527050017
1841,0.3249243188698285
1241,0.16986301369863013
1241,0.1557478368355995
1241,0.1723404255319149
1241,0.3135011441647597
1241,0.7977805178791615
1241,0.9491228070175438
1241,0.9783889980353635
1241,0.8234336859235151
1241,0.8622255866767601
1241,0.741304347826087
1241,0.47120708748615725
1241,0.6295487627365357
1241,0.9802130898021308
1241,0.2698519515477793
1241,0.44990303813833227
1241,0.2889637742207245
1241,0.14414414414414414
1241,0.4729996058336618
1241,0.17078410311493017
1241,0.1893939393939394
1241,0.16094674556213018
1241,0.5188933873144399
662,0.2864651773981603
662,0.1935309973045822
662,0.25043859649122807
662,0.4067796610169492
662,0.17469204927211646
662,0.22074468085106383
662,0.2718334297281666
662,0.45764362220058424
662,0.2371946414499606
662,0.2749884845693229
662,0.2010989010989011
662,0.23676202069385271
662,0.4577338129496403
662,0.17056222362602652
662,0.26590909090909093
662,0.18079584775086505
662,0.18087697929354446
662,0.27970065481758655
662,0.31136044880785413
662,0.23316326530612244
662,0.21853658536585366
662,0.2222222222222222
662,0.25945723684210525
2332,0.33034571062740076
2332,0.29120879120879123
2332,0.15158924205378974
2332,0.3156306578153289
2332,0.25873655913978494
2332,0.2545191612436732
2332,0.26844262295081966
2332,0.23046206503137479
2332,0.21782178217821782
2332,0.3615786419036564
2332,0.2909747292418773
2332,0.22645290581162325
2332,0.26800216567406604
2332,0.27341964965727344
2332,0.2984126984126984
1076,0.36096938775510207
1076,0.40875629600929875
1076,0.3210332103321033
1076,0.3945841392649903
1076,0.36027713625866054
1076,0.31543624161073824
1076,0.4114906832298137
1076,0.30017152658662094
1076,0.293015332197615
1076,0.3017241379310345
1076,0.46774193548387094
1076,0.35674157303370785
1095,0.45374449339207046
1095,0.2073170731707317
1095,0.24129032258064517
1095,0.6547756041426928
1095,0.6963350785340314
1095,0.3654558932542624
1095,0.2887864823348694
1095,0.6385721368368865
1095,0.5596906718221363
1095,0.6271186440677966
1095,0.5929824561403508
1095,0.41904761904761906
1095,0.6592261904761905
1347,0.2049079754601227
1347,0.2566079295154185
1347,0.19106529209621992
1347,0.22708757637474541
1347,0.23243243243243245
1347,0.22096672944130571
1347,0.17879053461875546
1347,0.18309859154929578
1347,0.2857142857142857
1347,0.2719594594594595
1347,0.18104906937394247
1347,0.2575197889182058
1347,0.13743218806509946
1347,0.23707664884135474
1347,0.4716024340770791
1347,0.23389232127096204
1347,0.2611534276387378
1704,0.8461047254150702
1704,0.8434718100890207
1704,0.7309076369452219
1704,0.4613845538215286
1704,0.7898407884761183
1704,0.8652782297429222
1704,0.8881101376720901
1704,0.7392370154741842
1704,0.48627450980392156
1704,0.4676794757223712
1704,0.48580301685891747
1704,0.417817679558011
1704,0.6714501510574018
1704,0.7855459544383346
1704,0.5288888888888889
1704,0.7948979591836735
1704,0.6377833753148615
1704,0.675602245969933
1704,0.9198259788688626
1704,0.6829493087557603
1704,0.4437998549673677
1704,0.7506350550381033
1704,0.8512064343163539
1704,0.9023255813953488
1704,0.4764705882352941
1704,0.5191059841384282
1704,0.352680767338908
1704,0.7838963442850532
1704,0.7627041742286751
1704,0.8784119106699751
1704,0.9713687150837989
1704,0.8469671675013912
1704,0.9095607235142119
1704,0.8750569995440036
1704,0.6734293193717278
1704,0.6339334424440808
1704,0.8359298928919182
1704,0.455470737913486
1704,0.6406179009541118
1704,0.6867612293144209
1704,0.5286160249739854
1704,0.3613303269447576
1704,0.733679525222552
1704,0.8307905686546463
1704,0.4051962410171365
1704,0.7133858267716535
1704,0.607746863066012
1704,0.45888966971187634
1704,0.4961470065204505
1704,0.4268218003674219
1704,0.8221850613154961
1704,0.8125426039536469
1704,0.8081471747700394
1704,0.5126612517916865
1704,0.4767710742064326
1704,0.7556149732620321
1704,0.46371681415929206
1704,0.6258503401360545
1704,0.9459639759839893
1704,0.5150414937759336
1704,0.4977210574293528
1704,0.46513409961685825
1704,0.44308231173380036
1704,0.47361887026691496
1704,0.7496159754224271
1704,0.7679403541472507
1704,0.9500324464633355
1704,0.5630654603512507
1704,0.5167557066537154
1704,0.6988984088127295
1704,0.5852568875651526
1704,0.5331695331695332
1704,0.4901509337426452
1704,0.6151445808196381
1704,0.6941641070645019
1704,0.8429844097995546
1704,0.872959545777147
1704,0.7136819862651875
1704,0.46145301044212395
1704,0.3897459165154265
1704,0.5777007510109763
1704,0.4676903390914907
1704,0.5604448742746615
1704,0.7697649572649573
1704,0.72544080604534
1704,0.7142857142857143
1704,0.8947658402203856
1704,0.9497109826589596
1704,0.9013282732447818
1704,0.8774069319640565
1704,0.5862923203963666
1704,0.6441057821604662
1704,0.9852791878172589
1704,0.7198767334360555
1704,0.6735912129894938
1704,0.6246498599439776
1704,0.3087071240105541
1704,0.6974037600716204
1704,0.7853881278538812
1704,0.7037037037037037
1704,0.54551201011378
1704,0.6028513238289206
1704,0.4696261682242991
1704,0.9265415549597855
1704,0.9600760456273765
1704,0.949678800856531
1704,0.4616274585422291
1704,0.625748502994012
1704,0.6103219696969697
1704,0.9421241050119332
1704,0.9083858458555502
1704,0.47728487439871725
1704,0.5092798812175204
1704,0.9092711948438275
1704,0.7870472008781558
1704,0.4405897658282741
1704,0.7187700192184497
1704,0.9293764087152517
1704,0.8197203826342899
1704,0.5316455696202531
1704,0.4978902953586498
1704,0.5912052117263844
1704,0.4564526382708201
1704,0.6632247815726767
1704,0.41734480353406184
1704,0.5056221889055472
1704,0.4614864864864865
1704,0.5436843012235051
1704,0.7096061832903938
1704,0.4800273910066195
1704,0.5597138139790864
1704,0.7692641632298676
1704,0.31900521952717226
1704,0.36717428087986465
1704,0.6796200345423143
1704,0.7461103253182461
1704,0.5194085027726433
1704,0.508028545941124
1704,0.9159061277705346
1704,0.49808612440191385
1704,0.462241653418124
1704,0.5261011419249593
1704,0.5254752851711026
1704,0.4971751412429379
1704,0.46671597633136097
1704,0.6669260700389105
1704,0.7449799196787149
1704,0.6429173693086003
1704,0.7052096569250318
1704,0.5163090128755364
1704,0.5506883604505632
1704,0.3068683049779458
1704,0.7705503931379557
1704,0.6913260219341975
1704,0.5837696335078534
1704,0.46360759493670883
1704,0.4223766964581264
1704,0.8128654970760234
1704,0.5199362041467305
1704,0.5374193548387097
1704,0.7861549006168609
1704,0.657608695652174
1704,0.667747514051016
1704,0.4809951624049758
1704,0.4868827160493827
1704,0.6130711393869288
1704,0.6476037051953283
1704,0.4317793507444472
1704,0.3898305084745763
1704,0.644811320754717
1704,0.4337098692033294
1704,0.3564904511486299
1704,0.8237463126843658
1704,0.7351324337831084
1704,0.5459008345606283
1704,0.4377245508982036
1704,0.5456642692359887
1704,0.8139787870546641
1704,0.9107021131561008
1704,0.7264027838190518
1704,0.9483938915218536
1704,0.6779141104294478
1704,0.8511821974965229
1704,0.798582995951417
1704,0.7411924119241192
1704,0.6668036154478225
1704,0.520656779661017
1704,0.8261758691206544
1704,0.4284329563812601
1704,0.8425259792166268
1704,0.6197972251867663
1704,0.7903981264637002
1704,0.7347100873709294
1704,0.8812121212121212
1704,0.7477678571428571
1594,0.06306306306306306
1594,0.14084507042253522
1594,0.21306209850107066
1594,0.15121951219512195
1594,0.08860759493670886
1594,0.2081437125748503
1594,0.12909441233140656
1594,0.15348837209302327
1594,0.290491118077325
523,0.5603448275862069
523,0.25301204819277107
523,0.6517509727626459
523,0.33024691358024694
523,0.199203187250996
523,0.49659201557935734
523,0.15012722646310434
523,0.15201654601861428
523,0.4581673306772908
523,0.25301204819277107
523,0.37314487632508836
523,0.10655737704918032
523,0.6651126651126651
523,0.18626528692380057
1553,0.25642857142857145
1553,0.30606060606060603
1553,0.3890400310921104
1553,0.1636005256241787
1553,0.4755529685681024
1553,0.26467065868263473
1553,0.27467001885606535
1553,0.31350330500472146
1553,0.3108715184186882
1553,0.1873015873015873
1553,0.3621853898096992
1553,0.3659863945578231
1553,0.40744985673352435
1553,0.6003256003256003
1553,0.3468085106382979
1553,0.29433760683760685
1553,0.30165289256198347
1553,0.7163461538461539
1553,0.27450980392156865
1553,0.3012289225492998
1553,0.3474920921825576
1553,0.28881206788183533
1553,0.3909836065573771
1553,0.41
1553,0.25853094274146904
1553,0.33185279187817257
404,0.20498732037193576
404,0.7528455284552845
404,0.32576505429417574
404,0.36647493837304845
404,0.6509615384615385
404,0.16488122962272939
404,0.3057075840500391
404,0.83812472357364
404,0.3700189753320683
404,0.5614035087719298
404,0.46141975308641975
404,0.6846347607052897
404,0.7271309771309772
404,0.526188166828322
404,0.37027027027027026
404,0.5578231292517006
404,0.8922749822820695
404,0.6215856095936043
404,0.6790633608815427
404,0.30952380952380953
404,0.35980066445182723
404,0.4780773739742087
404,0.43887775551102204
404,0.3162356930902925
1619,0.6428571428571429
1619,0.7207829591249281
1619,0.4050632911392405
1619,0.7008196721311475
1619,0.5900990099009901
1619,0.7222222222222222
1619,0.684053651266766
1619,0.43975283213182287
1619,0.2822966507177033
1619,0.44415584415584414
1619,0.4171907756813417
1619,0.7893639207507821
1619,0.5146198830409356
1619,0.44360902255639095
1619,0.8984375
1619,0.6298568507157464
1619,0.49321266968325794
1619,0.5305343511450382
1873,0.488013698630137
1873,0.35874148556600716
1873,0.24498352800239592
1873,0.2619951674145668
1873,0.1884797666788188
1873,0.20313179643323184
1873,0.26264967168791037
1873,0.457162440027416
1873,0.3532048408785298
1873,0.14727722772277227
1873,0.2289899768696993
1873,0.20454545454545456
1873,0.3088145896656535
1873,0.20209059233449478
1873,0.17978246960972488
1873,0.45379377431906615
1873,0.27537511032656664
1873,0.36524941412788753
1873,0.2601089761973043
1873,0.22309197651663404
1873,0.2954856361149111
1873,0.16363636363636364
1873,0.18875838926174496
1873,0.8107549120992761
1108,0.8827519379844961
1108,0.8638941398865785
1108,0.8631346578366446
1108,0.8296193129062209
1108,0.8009049773755657
1108,0.8964980544747082
1108,0.45965770171149145
1108,0.48867924528301887
1108,0.48778359511343805
1108,0.8131682611142375
1108,0.5130228887134964
1108,0.6517664023071377
1108,0.5767386091127098
1108,0.37252124645892354
1108,0.8645111624326405
1108,0.8526894865525673
1108,0.7738940469688694
1108,0.8853633572159673
1108,0.8834567901234568
1108,0.48864209994952046
1108,0.507181328545781
1108,0.8301647655259823
1108,0.735014005602241
1108,0.9346031746031747
1108,0.8401826484018264
1108,0.8324050632911393
1108,0.6258205689277899
1108,0.8255291853752406
1108,0.8255687973997833
1108,0.8594075928243637
1108,0.8431372549019608
1108,0.8271918678526048
1108,0.7908986175115207
1108,0.7611940298507462
1108,0.8159220691971784
1108,0.8188833408987743
1108,0.6234522942461762
1108,0.841978287092883
1108,0.8116883116883117
1108,0.8190846286701209
1108,0.9341176470588235
1108,0.5018365472910927
1108,0.9005154639175258
1108,0.6445916114790287
476,0.2047952047952048
476,0.33268858800773693
476,0.5398587285570131
476,0.29971988795518206
476,0.06569343065693431
476,0.5547945205479452
476,0.34890965732087226
476,0.43823146944083224
476,0.20673813169984687
476,0.5481481481481482
717,0.6217995610826628
717,0.2835249042145594
717,0.7879564381806534
717,0.3259925558312655
717,0.4565928078459862
717,0.3225320271288621
717,0.4941860465116279
717,0.5627906976744186
717,0.8342824601366743
660,0.2629510539478385
660,0.2559171597633136
660,0.6643356643356644
660,0.7583333333333333
660,0.20522388059701493
660,0.32339656729900634
660,0.30254777070063693
660,0.4092178770949721
660,0.6329935125115848
660,0.37316885119506554
660,0.28291666666666665
660,0.23232323232323232
660,0.31368993653671806
660,0.28824273072060685
660,0.41117953576504024
660,0.4277950310559006
660,0.20489296636085627
660,0.4706448508180943
660,0.4344919786096257
660,0.24159886805801203
2039,0.2931726907630522
2039,0.391132224861441
2039,0.3109815354713314
2039,0.2808219178082192
2039,0.3
2039,0.5560747663551402
2039,0.3882149046793761
1899,0.5408388520971302
1899,0.46007853403141363
1899,0.5491525423728814
1899,0.27436527436527436
1899,0.3537313432835821
1899,0.4966974900924703
1899,0.2865687873844481
1899,0.5103540414161657
1899,0.3008849557522124
1899,0.3386537126995142
1899,0.2759067357512953
588,0.5182994454713493
588,0.22474747474747475
588,0.387600356824264
588,0.43567401332649924
588,0.44049187527448397
588,0.4767087505441881
588,0.4873443149859381
588,0.5121555915721232
588,0.6059285091543156
588,0.6015911872705019
588,0.3501577287066246
588,0.3680083638264506
588,0.8259423503325942
588,0.927694406548431
588,0.5657030223390276
588,0.5700501736781166
588,0.3197781885397412
588,0.40542832909245125
588,0.5732798518975625
588,0.7746085011185683
588,0.6773717238833518
588,0.4035891561664757
588,0.44652701212789414
588,0.4802727715538237
588,0.3949627933600458
588,0.4806265457543281
588,0.375886524822695
588,0.5803108808290155
588,0.6323951751866743
588,0.49857387335995434
588,0.547787610619469
588,0.4397031539888683
588,0.5349794238683128
588,0.7370084269662921
588,0.8667029379760609
588,0.23226578868602216
588,0.9342175066312998
588,0.7129360465116279
588,0.3796358732299393
588,0.42276422764227645
2,0.3455842018650576
2,0.3167667941015838
2,0.3269230769230769
2,0.2831168831168831
2,0.37888198757763975
2,0.15876089060987417
2,0.496265172735761
1201,0.4599081596608972
1201,0.17866769349249134
1201,0.3230702515177797
1201,0.24745881528215913
1201,0.19785437917692578
1201,0.3486650806238435
1201,0.14719157472417252
1201,0.3502377179080824
1201,0.13100436681222707
1201,0.12294795668878798
1201,0.1657409066475542
1201,0.3058579574909279
1201,0.21640395404755544
1201,0.09819121447028424
1201,0.12349676225716928
1201,0.16906721536351166
1201,0.18887530562347188
1201,0.10735060814383923
1201,0.1781115879828326
1201,0.15485668789808918
1201,0.17729240456513184
1201,0.14675767918088736
1603,0.36015103107754864
1603,0.24877250409165302
1603,0.3924050632911392
1603,0.6026890756302521
1603,0.24498886414253898
1603,0.5
1603,0.4609297725024728
1603,0.3564954682779456
1603,0.556836902800659
1603,0.4054134443783462
1603,0.6666666666666666
1603,0.07296137339055794
1603,0.40617283950617283
1603,0.2518518518518518
1603,0.4106830122591944
1603,0.6243386243386243
1977,0.6923837784371909
1977,0.5165762507534659
1977,0.27759197324414714
1977,1.019927536231884
1977,0.41268075639599555
1977,0.39622641509433965
1977,0.5638297872340425
1977,0.4178168130489335
1977,0.3756906077348066
1977,0.43607954545454547
1977,0.6052631578947368
1977,0.30856643356643354
1977,0.390888638920135
1977,0.2412488174077578
1977,0.4543114543114543
1977,0.35535714285714287
1977,0.6623931623931624
1977,0.5221518987341772
1977,0.23132263420033206
1977,0.42805755395683454
1977,0.6410009624639076
1977,0.6669572798605057
1977,0.4601518026565465
1977,0.45660672400312746
1977,0.2946103423160961
1977,0.4743801652892562
1977,0.47361809045226133
1977,0.4010840108401084
1977,0.47818791946308725
1977,0.6007326007326007
1977,0.9525745257452575
1977,0.7044392523364486
1977,0.38857142857142857
1977,0.13421052631578947
1977,0.5507692307692308
1977,0.28255093002657217
1977,0.2807017543859649
1977,0.44954128440366975
1977,0.4696235557212076
2313,0.27851361295069904
2313,0.5339787395596052
2313,0.44419924337957123
2313,0.1896411092985318
2313,0.2169548243167875
2313,0.3622314361100641
2313,0.21778711484593838
2313,0.34219521458412455
2313,0.32050113895216403
2313,0.27209838585703305
2313,0.3521066208082545
2313,0.282497149372862
2313,0.265114532482163
2313,0.36033519553072624
2313,0.4044862518089725
8,0.45484949832775917
8,0.9746588693957114
8,0.22652856665552956
8,0.4298745724059293
8,0.12303206997084548
8,0.1425287356321839
8,0.12368633791430882
8,0.3225806451612903
8,0.14639475600874
8,0.11350844277673545
8,0.2757130509939499
8,0.12743732590529247
8,0.5107913669064749
8,0.18651685393258427
8,0.5301698886936145
8,0.5224466891133558
8,0.1805702217529039
8,0.13719885667619436
8,0.47809948032665184
8,0.21837026447462474
8,0.24835164835164836
8,0.6440397350993378
8,0.19680464778503995
8,0.29056603773584905
8,0.3083743842364532
8,0.15601023017902813
8,0.11764705882352941
8,0.45254901960784316
8,0.1992929739284136
8,0.12745098039215685
8,0.30810448760884124
8,0.35756551141166526
8,0.08951798010711554
8,0.8992805755395683
8,0.23296500920810312
8,0.3463875759621877
8,0.6069459757442117
8,0.6619552414605419
8,0.542147806004619
8,0.26161790017211706
8,0.12222853894258101
2097,0.1632214765100671
2097,0.422487859544266
2097,0.15393794749403342
2097,0.3487312947299935
2097,0.1930379746835443
2097,0.2508591065292096
2097,0.11951384199864956
2097,0.2698993595608417
2097,0.22113727742676623
2097,0.19853917662682602
2097,0.17737506864360242
2097,0.3645833333333333
2097,0.30008347245409017
2097,0.3938310236924452
2097,0.14099783080260303
2097,0.15329218106995884
2097,0.2645064054257724
986,0.5725446428571429
986,0.2246508803885853
986,0.2743091095189355
986,0.24625468164794007
986,0.6375321336760925
986,0.6782752902155887
986,0.5285359801488834
986,0.2721311475409836
986,0.3029381965552178
986,0.4234388366124893
986,0.16950113378684808
986,0.42134387351778657
986,0.647151071615264
986,0.33143264433357095
986,0.4043179587831207
986,0.3694968553459119
986,0.20596205962059622
986,0.11818181818181818
986,0.8622754491017964
986,0.311178247734139
986,0.5245700245700246
986,0.27828054298642535
986,0.5243757431629013
2059,0.78665568369028
2059,0.47737671581087954
2059,0.8406060606060606
2059,0.5532467532467532
2059,0.6320040383644624
2059,0.42376160990712075
2059,0.2474460839954597
2059,0.35842293906810035
2059,0.46524486571879936
2059,0.3452229299363057
1429,0.17589348283111422
1429,0.29418221734357847
1429,0.3576086956521739
1429,0.19768934531450577
1429,0.16037735849056603
1429,0.1566757493188011
1429,0.20904522613065327
1429,0.2921225382932166
1429,0.1312178387650086
1429,0.2559456398640997
1429,0.10418695228821812
1429,0.12019660411081323
1429,0.14112903225806453
1429,0.19557195571955718
1429,0.12353515625
1429,0.11630558722919042
1429,0.3553664921465969
1429,0.2003381234150465
1429,0.2474460839954597
1429,0.2707317073170732
1429,0.41646039603960394
1429,0.37235116044399597
1429,0.8791773778920309
2347,0.1968174204355109
2347,0.13715455475946775
2347,0.16264090177133655
2347,0.18543046357615894
2347,0.19426048565121412
2347,0.25757575757575757
2347,0.1603905160390516
2347,0.23517786561264822
2347,0.2279874213836478
2347,0.5606469002695418
2347,0.15188470066518847
2347,0.20502376103190767
2347,0.2122492080253432
2347,0.3687763713080169
2347,0.1726457399103139
2347,0.2673583399840383
2347,0.17197452229299362
2347,0.19741774260724698
2347,0.20762286860581744
2347,0.20016750418760468
317,0.34146341463414637
317,0.2217391304347826
317,0.18767665347654042
317,0.16933638443935928
317,0.4043478260869565
317,0.37546933667083854
317,0.2359796067006555
317,0.11971830985915492
317,0.2051926298157454
317,0.1881298992161254
317,0.2030735455543359
317,0.3322005097706032
317,0.17413793103448275
317,0.19066147859922178
317,0.17938931297709923
317,0.3267605633802817
317,0.215962441314554
317,0.2591283863368669
317,0.12857142857142856
317,0.3730684326710817
317,0.3466076696165192
317,0.24937238493723848
317,0.20468557336621454
317,0.20801033591731266
317,0.18018967334035826
317,0.2608978529603123
317,0.20206896551724138
317,0.19797979797979798
317,0.33541666666666664
2331,0.5019305019305019
2331,0.31756756756756754
2331,0.2905525846702317
2331,0.2968645763842562
2331,0.3509006004002668
640,0.30952380952380953
640,0.4058679706601467
640,0.4280701754385965
640,0.26815980629539954
640,0.22787028921998248
640,0.38787023977433005
640,0.11853088480801335
640,0.5472727272727272
640,0.18018720748829953
640,0.3012987012987013
640,0.562255285826155
640,0.5606207565470417
640,0.4744420446364291
640,0.32669789227166274
640,0.4467605633802817
2125,0.4700854700854701
2125,0.06521739130434782
2125,0.21739130434782608
2125,0.891156462585034
2125,0.34532374100719426
2125,0.36184857423795475
2367,0.27835051546391754
2367,0.1705685618729097
2367,0.6807511737089202
2367,0.12401055408970976
2367,0.11420612813370473
2367,0.11429985155863434
2367,0.28994708994708995
2367,0.365234375
2367,0.2974212034383954
2367,0.31227651966626935
2367,0.2851365015166835
2367,0.3000262260687123
2367,0.3584660383490413
2367,0.35411670663469225
2367,0.2722063037249284
2367,0.3050304389618712
2367,0.2511569204880101
2367,0.27906976744186046
2367,0.2609254498714653
2367,0.3360840210052513
2367,0.444001227370359
2367,0.3019230769230769
2367,0.3183254344391785
2367,0.279424216765453
2367,0.38222480395004355
2367,0.5538881309686221
2367,0.6532877882152007
2367,0.6920684292379471
2367,0.20636094674556213
2367,0.3333333333333333
2367,0.21239606953892667
2367,0.34628460417678486
2367,0.8089097303634232
2367,0.340702947845805
2367,0.3079615048118985
2367,0.6280909990108803
2367,0.5924142083082481
2367,0.8314049586776859
2367,0.1960093896713615
2367,0.3162393162393162
2367,0.3338124326266619
2367,0.23439767779390422
2367,0.29050086355785837
2367,0.40085287846481876
2367,0.20592705167173253
2367,0.18805031446540882
2367,0.37640449438202245
2367,0.19069767441860466
2367,0.36298701298701297
2367,0.36246786632390743
2367,0.3592156862745098
2367,0.3563443264393516
1382,0.6040268456375839
1382,0.8058017727639001
1382,0.6800804828973843
1382,0.9426415094339623
1382,0.42059145673603504
1382,0.5946086054950752
1382,0.5412504624491306
1382,0.443359375
1382,0.7484662576687117
1382,0.9142431021625652
1382,0.5543228768171384
1382,0.6849894291754757
2416,0.4906500445235975
2416,0.7055251973284761
2416,0.4591708542713568
2416,0.3428334255672385
2416,0.5210727969348659
2416,0.717606543263022
2416,0.6
2416,0.5041825095057034
2416,0.5305644302449414
2416,0.500837801608579
2416,0.3661524500907441
2416,0.4141187050359712
2416,0.617339312406577
2416,0.43130815544608647
2416,0.6161251504211793
2416,0.7128496503496503
2416,0.6817864619678995
2416,0.48796147672552165
2416,0.8639964788732394
2416,0.5793056501021103
2416,0.65499306518724
2416,0.6807057484348321
2416,0.45611087778244436
2416,0.7342615012106537
2416,0.9377567140600316
2416,0.7048951048951049
2416,0.6432856483617905
2416,0.549618320610687
2416,0.6962289179458026
2416,0.5814805765941852
2416,0.6340062652279846
2416,0.5486631016042781
2416,0.5869631434663417
2416,0.6922099915325995
2416,0.5803452855245684
2416,0.553800170794193
2416,0.6815960912052117
2416,0.5820635611667392
2416,0.6390458254865035
2416,0.6010044642857143
2416,0.5966135458167331
2416,0.5619377162629757
2416,0.936372269705603
2416,0.5618448637316562
2416,0.5956320317670417
2416,0.6221709006928406
2416,0.3722713864306785
2416,0.6429667519181586
2416,0.3394015484410965
2416,0.41045109423849935
2416,0.42407862407862407
2416,0.46885617214043035
2416,0.43714781100996963
2416,0.4114149821640904
2416,0.4923954372623574
2416,0.7922848664688428
2416,0.8974358974358975
2416,0.5359645887126522
2416,0.6446140797285835
2416,0.487022180273714
2416,0.5172572480441786
2416,0.6209150326797386
2416,0.8054443554843875
2416,0.4405964405964406
2416,0.5770252324037185
2416,0.6509687034277198
2416,0.5697674418604651
2416,0.527172031844929
2416,0.6382373845060412
2416,0.5476900149031296
2416,0.5846833578792342
2416,0.7578407720144753
2416,0.6437632135306554
2416,0.6878495170310117
2416,0.5399221032132424
2416,0.6117136659436009
2416,0.619684499314129
2416,0.583367139959432
2416,0.4606510094767202
2416,0.4451063829787234
2416,0.6133933595948228
2416,0.5777886497064579
2416,0.6336206896551724
2416,0.4150537634408602
2416,0.5484505656665027
2416,0.8492260061919504
2416,0.7126769626769627
2416,0.5958847736625514
2416,0.8331151832460733
2416,0.9573045267489712
2416,0.7020103761348897
2416,0.8776595744680851
2416,0.9527896995708155
2416,0.46905319504851123
2416,0.8437609227542817
2416,0.5989198408186469
2416,0.6323720446869316
2416,0.45869565217391306
2416,0.49554140127388535
2416,0.6774193548387096
2416,0.3518225039619651
2416,0.5868869936034116
2416,0.6081495098039216
2416,0.5981481481481481
2416,0.562958240357029
2416,0.6398698128559804
2416,0.9032376747608536
2416,0.40373027259684363
2416,0.7035873265252683
2416,0.5232766338406446
2416,0.5604674796747967
2416,0.43520408163265306
2416,0.5265060240963856
2416,0.4266666666666667
2416,0.39416058394160586
2416,0.6553637484586929
2416,0.5774306490708322
2416,0.5273062730627306
2416,0.531129088990503
2416,0.5029099623416639
2416,0.5050150451354062
2416,0.5066202090592334
2416,0.9623115577889447
2416,0.9594676346037507
2416,0.7114989733059548
2416,0.6537216828478964
2416,0.5720761559383499
2416,0.7769260252970487
2416,0.3199608610567515
2416,0.525911708253359
2416,0.506049083995852
2416,0.680648769574944
2416,0.41178610403783195
2416,0.5230555555555556
2416,0.6194690265486725
2416,0.5604606525911708
2416,0.5820528580208973
2416,0.5743870507022137
2416,0.49396782841823056
2416,0.5211581291759465
2416,0.7049742710120068
2416,0.47619047619047616
2416,0.44532947139753803
2416,0.43823668081093825
2416,0.6101438304314913
2416,0.7652764306498545
2416,0.48438934802571165
2416,0.6609396914446003
2416,0.6051227321237994
2416,0.3964757709251101
2416,0.6631842875052236
2416,0.5813559322033899
2416,0.6948012232415902
2416,0.75
2416,0.7527761542957335
2416,0.6421855146124523
2416,0.5717391304347826
2416,0.5854579792256847
2416,0.47775280898876404
2416,0.562862669245648
2416,0.43042219173906415
2416,0.5786773090079818
2416,0.47459893048128343
2416,0.5734705546026301
2416,0.8063742289239205
2416,0.5565610859728507
2416,0.6677389705882353
2416,0.5158124318429662
2416,0.6492819349962207
2416,0.4587257617728532
2416,0.6295103092783505
2416,0.7939622641509434
2416,0.6136363636363636
2416,0.9596250901225667
2416,0.5068401735068402
2416,0.4105919003115265
2416,0.540169133192389
2416,0.58578856152513
2416,0.5176838810641627
2416,0.4770430262777938
2416,0.5245415318230853
2416,0.5377720870678617
2416,0.3855650522317189
2416,0.39712583245706273
2416,0.4380345463692772
2416,0.30276343759489827
2416,0.597608024691358
2416,1.032258064516129
2416,0.6665413533834587
2416,0.5869565217391305
2416,0.38300443012484897
2416,0.8493150684931506
2416,0.6203603212502713
2416,0.7321428571428571
2416,0.45242626070409137
2416,0.6743421052631579
2416,0.5145687645687645
2416,0.47104496926560985
2416,0.5658263305322129
2416,0.6795284030010718
2416,0.79443359375
2416,0.7708845208845209
786,0.7811764705882352
786,0.7100371747211895
786,0.30267558528428096
786,0.6267605633802817
786,0.39838709677419354
786,0.41460234680573665
786,0.5626423690205011
786,0.7319223985890653
786,0.7070217917675545
786,0.7898465171192444
786,0.6294416243654822
786,0.7562688064192578
786,0.5652173913043478
786,0.8812217194570136
1831,0.7974137931034483
1831,0.4546952224052718
1831,0.7105831533477321
1831,0.36938031591737547
1831,0.4481012658227848
1831,0.6693227091633466
30,0.2393048128342246
30,0.46182999458581486
30,0.5976422347514095
30,0.41131105398457585
30,0.6324147594581971
30,0.5152190051967335
30,0.42661448140900193
30,0.7360655737704918
30,0.4185727355901189
30,0.2724434035909446
30,0.33496932515337424
30,0.3786407766990291
30,0.3879598662207358
30,0.20952380952380953
30,0.6503298774740811
30,0.3768472906403941
30,0.526595744680851
30,0.3630179344465059
30,0.5393340651298939
30,0.3433420365535248
671,0.779868297271872
671,0.2676595744680851
671,0.18807763401109057
671,0.5543337645536869
671,0.31645569620253167
671,0.4359249329758713
671,0.3427260812581914
671,0.23344827586206895
671,0.26053042121684866
671,0.21143756558237145
671,0.25915800984144344
671,0.4144830871843735
671,0.6823248407643312
671,0.27389705882352944
671,0.12853333333333333
671,0.33447566826593556
671,0.7576020851433536
671,0.9215867158671587
671,0.6902086677367576
671,0.5499700777977259
671,0.773231031543052
671,0.6446220930232558
671,0.5472297910990009
671,0.2928123492522914
671,0.5477001703577513
671,0.9233716475095786
671,0.37909709338280767
671,0.9120992761116856
671,0.8082788671023965
671,0.48180242634315423
733,0.14285714285714285
733,0.15638766519823788
733,0.18213296398891968
733,0.2326388888888889
733,0.22410865874363328
733,0.21535326086956522
733,0.1811387900355872
733,0.4244868035190616
733,0.16493656286043828
733,0.28005464480874315
733,0.24806629834254143
733,0.168600154679041
733,0.1738484398216939
733,0.05901639344262295
733,0.2629558541266795
733,0.1541095890410959
733,0.16573556797020483
733,0.12410071942446044
733,0.3974272173324306
733,0.2777777777777778
733,0.1807909604519774
733,0.20481927710843373
733,0.1997041420118343
733,0.1444847229414811
733,0.203281677301732
733,0.16897856242118536
733,0.3196480938416422
733,0.13287904599659284
1466,0.9129646418857661
1466,0.9913232104121475
1466,0.3858267716535433
1466,0.3
1466,0.5134529147982063
1466,0.716012084592145
1466,0.37962962962962965
1466,0.9206212251941329
1466,0.951856946354883
1466,0.840625
1466,0.9394121175764847
1466,0.5168245671349232
1466,0.45278851463279957
1466,0.37583333333333335
1466,0.5575966322234979
1466,0.7142857142857143
1466,0.9718543046357616
1466,0.4894859813084112
1466,0.4515360169491525
1466,0.4203030303030303
1466,0.26523166727471725
1466,0.29560155239327296
1466,0.5233160621761658
1466,0.24556689951638905
1490,0.24859622256253192
1490,0.1949404761904762
1490,0.1583442838370565
1490,0.17163504968383017
1490,0.12239583333333333
1490,0.09839816933638444
1490,0.17322239031770045
1490,0.2153972153972154
1490,0.19249592169657423
1490,0.1968454258675079
1490,0.13469735720375106
1490,0.1431578947368421
