Precinct	DVote	RVote
0	52	114
1	101	227
2	132	312
3	17	33
4	56	111
5	11	23
6	247	268
7	19	21
8	61	46
9	100	109
10	174	131
11	340	546
12	85	218
13	305	489
14	6	19
15	8	20
16	22	53
17	35	56
18	5	18
19	239	300
20	37	74
21	361	976
22	207	429
23	223	459
24	211	434
25	399	1078
26	287	1061
27	217	587
28	394	1065
29	464	833
30	407	730
31	478	803
32	458	822
33	213	357
34	77	164
35	313	229
36	343	728
37	90	144
38	101	74
39	250	622
40	274	426
41	268	613
42	134	306
43	210	211
44	334	335
45	32	30
46	478	451
47	345	346
48	80	183
49	438	763
50	224	211
51	177	406
52	315	549
53	242	422
54	132	229
55	63	84
56	384	516
57	271	473
58	301	497
59	239	394
60	320	529
61	366	604
62	394	650
63	116	202
64	55	191
65	200	604
66	159	362
67	238	506
68	383	280
69	259	595
70	213	516
71	292	561
72	496	953
73	198	454
74	247	597
75	245	594
76	677	280
77	581	240
78	308	128
79	368	152
80	659	171
81	362	150
82	586	152
83	484	126
84	891	231
85	656	170
86	813	211
87	1187	308
88	464	120
89	589	495
90	482	125
91	282	237
92	601	505
93	757	636
94	738	620
95	632	531
96	554	466
97	574	565
98	514	809
99	306	481
100	396	389
101	271	616
102	674	1147
103	352	597
104	668	866
105	118	150
106	392	666
107	308	391
108	473	346
109	598	874
110	236	553
111	268	626
112	78	192
113	107	265
114	157	501
115	300	660
116	382	840
117	106	268
118	768	935
119	452	710
120	540	848
121	631	967
122	696	1093
123	550	863
124	551	865
125	250	392
126	556	811
127	324	716
128	266	580
129	232	505
130	657	1509
131	239	543
132	337	776
133	426	1116
134	478	1252
135	227	515
136	319	1025
137	165	458
138	135	295
139	324	909
140	393	499
141	550	933
142	527	981
143	198	572
144	408	539
145	272	199
146	466	340
147	547	675
148	448	328
149	0	0
150	260	190
151	13	17
152	801	585
153	402	294
154	824	602
155	626	457
156	545	398
157	205	149
158	233	170
159	391	286
160	530	387
161	344	419
162	255	400
163	485	354
164	531	388
165	274	200
166	214	336
167	91	139
168	324	427
169	569	752
170	713	520
171	292	648
172	252	511
173	400	596
174	236	314
175	228	593
176	344	655
177	272	517
178	337	821
179	419	708
180	319	980
181	308	514
182	450	751
183	32	71
184	264	440
185	322	554
186	19	42
187	155	152
188	172	168
189	111	109
190	289	700
191	204	203
192	245	242
193	153	370
194	106	183
195	364	627
196	83	81
197	100	99
198	241	229
199	276	305
200	141	156
201	212	200
202	204	351
203	336	373
204	167	185
205	312	533
206	385	428
207	437	748
208	288	504
209	379	663
210	224	391
211	270	586
212	433	473
213	262	388
214	605	436
215	684	281
216	798	327
217	383	157
218	616	252
219	293	361
220	360	444
221	417	464
222	231	430
223	391	436
224	420	467
225	601	729
226	369	684
227	465	469
228	534	196
229	923	340
230	247	476
231	233	306
232	166	218
233	109	144
234	279	538
235	208	273
236	146	391
237	109	131
238	176	213
239	149	181
240	184	223
241	159	192
242	92	76
243	172	245
244	268	406
245	72	103
246	224	303
247	161	425
248	196	395
249	104	259
250	79	230
251	71	218
252	55	257
253	197	681
254	500	637
255	136	417
256	261	680
257	78	139
258	363	719
259	191	491
260	225	561
261	131	232
262	41	175
263	32	137
264	71	252
265	103	398
266	169	537
267	115	354
268	148	528
269	133	420
270	53	95
271	144	394
272	107	329
273	101	435
274	48	204
275	43	169
276	7	30
277	231	591
278	102	250
279	139	419
280	95	336
281	42	153
282	144	524
283	58	141
284	115	254
285	171	475
286	338	376
287	187	208
288	333	488
289	166	370
290	190	417
291	192	370
292	202	390
293	226	494
294	284	986
295	306	1061
296	221	1136
297	146	752
298	194	997
299	184	943
300	404	1399
301	189	847
302	160	554
303	210	942
304	275	378
305	375	517
306	518	714
307	427	589
308	225	239
309	283	390
310	244	336
311	474	653
312	421	579
313	223	772
314	248	858
315	265	282
316	42	45
317	349	372
318	479	509
319	423	450
320	327	347
321	34	37
322	478	509
323	104	153
324	41	44
325	31	29
326	143	134
327	660	618
328	406	380
329	467	436
330	63	59
331	380	355
332	134	603
333	219	980
334	204	898
335	278	712
336	183	722
337	121	309
338	423	1084
339	411	1624
340	330	931
341	156	464
342	129	555
343	447	887
344	273	651
345	296	951
346	243	469
347	205	418
348	273	505
349	148	546
350	122	410
351	164	341
352	394	867
353	423	698
354	468	632
355	470	636
356	595	805
357	606	754
358	278	376
359	565	704
360	406	506
361	586	729
362	528	658
363	314	518
364	374	618
365	763	941
366	378	543
367	471	677
368	373	408
369	333	406
370	645	400
371	385	264
372	622	386
373	352	219
374	403	250
375	554	344
376	663	411
377	849	275
378	659	213
379	626	388
380	350	217
381	544	337
382	689	285
383	547	339
384	1005	325
385	488	523
386	353	594
387	278	468
388	440	542
389	354	596
390	415	754
391	371	674
392	465	548
393	351	638
394	343	422
395	332	560
396	340	574
397	500	616
398	232	392
399	600	812
400	533	720
401	438	515
402	227	165
403	815	114
404	1036	96
405	983	91
406	412	353
407	450	560
408	329	29
409	472	923
410	59	360
411	468	1979
412	141	526
413	175	653
414	392	28
415	1000	72
416	924	66
417	853	61
418	660	48
419	582	42
420	646	47
421	432	31
422	221	16
423	750	54
424	445	20
425	960	42
426	560	25
427	477	21
428	603	195
429	495	128
430	847	220
431	495	129
432	607	157
433	641	166
434	428	111
435	559	145
436	709	184
437	506	131
438	519	135
439	362	94
440	473	123
441	338	709
442	688	545
443	144	303
444	469	476
445	838	849
446	181	183
447	889	901
448	411	862
449	257	540
450	315	661
451	231	484
452	397	833
453	294	616
454	446	935
455	273	573
456	40	116
457	178	518
458	183	939
459	346	725
460	273	947
461	235	1208
462	504	511
463	274	278
464	444	451
465	362	367
466	305	640
467	9	20
468	342	471
469	435	31
470	548	39
471	874	322
472	666	245
473	707	260
474	520	191
475	640	236
476	862	317
477	466	172
478	1005	370
479	660	243
480	418	154
481	640	236
482	371	136
483	483	487
484	277	279
485	458	461
486	445	449
487	977	78
488	562	45
489	876	70
490	1024	82
491	673	54
492	969	78
493	1304	105
494	755	61
495	917	128
496	911	127
497	1159	93
498	433	35
499	1104	154
500	615	57
501	107	35
502	421	18
503	241	11
504	530	23
505	655	29
506	801	35
507	121	5
508	919	40
509	909	40
510	780	34
511	514	23
512	856	38
513	644	52
514	807	35
515	463	20
516	703	31
517	455	20
518	813	36
519	924	41
520	539	13
521	541	13
522	774	18
523	298	39
524	426	10
525	570	14
526	33	1
527	482	63
528	391	9
529	592	26
530	627	15
531	229	5
532	878	21
533	498	12
534	394	9
535	537	19
536	926	33
537	879	31
538	379	17
539	706	66
540	554	52
541	763	33
542	999	35
543	1002	35
544	623	22
545	868	31
546	757	27
547	655	23
548	607	21
549	911	32
550	763	27
551	958	34
552	451	59
553	0	0
554	0	0
555	995	129
556	205	34
557	3	0
558	491	64
559	4	1
560	477	108
561	684	155
562	637	149
563	533	125
564	582	132
565	221	454
566	126	338
567	374	770
568	335	480
569	240	494
570	227	572
571	300	577
572	179	292
573	186	204
574	369	932
575	191	149
576	252	371
577	344	266
578	206	397
579	161	36
580	216	49
581	306	66
582	148	33
583	471	478
584	578	586
585	647	656
586	371	376
587	253	257
588	288	292
589	434	440
590	572	580
591	824	836
592	117	119
593	413	419
594	446	452
595	224	227
596	272	268
597	73	16
598	380	86
599	300	68
600	303	299
601	300	296
602	449	443
603	383	378
604	110	25
605	229	52
606	207	47
607	246	56
608	228	52
609	724	164
610	318	314
611	485	478
612	434	428
613	391	386
614	547	540
615	350	355
616	440	446
617	164	166
618	225	550
619	248	606
620	239	584
621	218	533
622	361	884
623	288	705
624	252	617
625	175	427
626	286	699
627	214	523
628	190	466
629	164	402
630	228	559
631	241	591
632	152	372
633	221	540
634	171	168
635	469	462
636	246	242
637	234	627
638	168	450
639	224	599
640	229	614
641	164	439
642	300	803
643	249	467
644	155	291
645	192	360
646	157	294
647	177	432
648	138	259
649	184	449
650	209	511
651	248	465
652	269	504
653	251	471
654	178	333
655	237	444
656	327	614
657	372	696
658	275	268
659	256	248
660	253	474
661	253	473
662	200	375
663	235	439
664	367	687
665	302	565
666	295	553
667	283	529
668	335	627
669	468	157
670	717	240
671	778	261
672	630	211
673	417	92
674	570	126
675	1036	229
676	422	93
677	439	147
678	571	126
679	324	109
680	834	185
681	220	364
682	248	245
683	313	310
684	208	343
685	289	478
686	251	415
687	311	513
688	401	396
689	287	283
690	224	221
691	295	488
692	302	499
693	233	384
694	314	518
695	176	291
696	262	433
697	290	479
698	269	444
699	256	422
700	340	561
701	363	359
702	269	262
703	238	235
704	226	373
705	290	478
706	174	169
707	362	597
708	291	282
709	262	254
710	174	169
711	299	295
712	485	472
713	204	198
714	433	428
715	367	191
716	878	457
717	233	122
718	515	471
719	169	151
720	744	666
721	613	560
722	239	236
723	191	189
724	253	246
725	275	268
726	378	368
727	469	456
728	448	435
729	287	279
730	206	200
731	257	249
732	265	258
733	232	225
734	361	351
735	255	248
736	370	360
737	276	269
738	357	347
739	208	202
740	350	340
741	347	337
742	210	204
743	316	307
744	816	793
745	171	166
746	836	114
747	699	778
748	798	294
749	414	152
750	464	171
751	633	233
752	378	139
753	502	185
754	359	132
755	940	346
756	668	91
757	988	135
758	589	80
759	492	35
760	650	47
761	1025	139
762	416	57
763	168	23
764	1079	147
765	948	129
766	667	91
767	938	128
768	684	49
769	493	36
770	813	59
771	856	116
772	43	88
773	68	206
774	151	583
775	159	476
776	45	135
777	275	419
778	334	764
779	163	249
780	124	426
781	15	24
782	48	72
783	38	57
784	288	592
785	131	453
786	112	243
787	192	524
788	76	167
789	365	568
790	310	292
791	300	283
792	411	388
793	11	34
794	12	31
795	46	139
796	49	147
797	81	133
798	59	97
799	210	393
800	157	187
801	209	391
802	119	223
803	244	457
804	257	481
805	71	132
806	194	363
807	197	369
808	136	255
809	118	289
810	238	582
811	78	146
812	276	329
813	209	249
814	232	276
815	368	438
816	316	773
817	327	389
818	344	409
819	224	549
820	336	823
821	361	883
822	221	198
823	183	164
824	266	239
825	265	237
826	209	187
827	155	194
828	385	485
829	683	859
830	357	319
831	325	291
832	329	295
833	658	589
834	301	269
835	255	320
836	441	105
837	239	214
838	410	98
839	172	41
840	216	52
841	405	97
842	157	9
843	171	9
844	432	103
845	127	7
846	394	22
847	427	24
848	161	9
849	361	5
850	440	6
851	41	2
852	301	4
853	130	29
854	492	389
855	480	380
856	644	509
857	562	120
858	541	116
859	162	35
860	744	570
861	357	282
862	116	92
863	584	462
864	371	293
865	413	326
866	796	630
867	203	160
868	320	670
869	704	557
870	446	935
871	617	473
872	539	413
873	339	711
874	731	560
875	329	690
876	87	182
877	315	661
878	412	863
879	220	462
880	398	835
881	341	346
882	610	482
883	488	494
884	58	46
885	25	71
886	27	171
887	20	93
888	56	227
889	26	63
890	105	264
891	114	159
892	420	586
893	202	281
894	98	108
895	493	544
896	329	363
897	280	309
898	92	102
899	24	26
900	39	43
901	381	709
902	144	268
903	443	635
904	349	501
905	589	844
906	247	352
907	174	23
908	264	35
909	322	42
910	492	441
911	284	254
912	396	354
913	148	35
914	301	72
915	229	55
916	157	37
917	215	51
918	307	73
919	531	363
920	167	114
921	143	98
922	344	235
923	229	56
924	612	419
925	385	161
926	325	136
927	313	191
928	276	169
929	294	10
930	81	1
931	416	5
932	124	31
933	384	508
934	405	548
935	491	651
936	601	796
937	546	738
938	595	741
939	433	539
940	342	565
941	157	204
942	184	240
943	35	156
944	432	11
945	523	118
946	147	33
947	659	38
948	123	7
949	446	26
950	258	58
951	130	29
952	250	56
953	197	45
954	63	14
955	440	99
956	213	48
957	363	825
958	765	2254
959	474	1143
960	73	176
961	358	569
962	324	955
963	382	921
964	288	928
965	620	1329
966	192	412
967	83	178
968	199	856
969	290	1251
970	248	531
971	372	798
972	228	489
973	1017	2453
974	613	973
975	638	1539
976	334	352
977	595	627
978	20	63
979	26	79
980	491	540
981	391	429
982	46	50
983	153	168
984	195	214
985	387	654
986	283	311
987	406	538
988	393	520
989	593	786
990	558	739
991	440	565
992	556	714
993	524	576
994	350	384
995	512	562
996	727	799
997	604	726
998	418	503
999	293	353
1000	351	422
1001	422	507
1002	328	394
1003	414	498
1004	200	581
1005	252	730
1006	408	1183
1007	437	1169
1008	181	769
1009	219	931
1010	320	898
1011	143	402
1012	403	1130
1013	49	44
1014	393	89
1015	334	75
1016	278	63
1017	529	113
1018	720	154
1019	168	36
1020	487	104
1021	768	588
1022	458	351
1023	458	351
1024	547	117
1025	730	156
1026	308	66
1027	149	32
1028	677	519
1029	428	328
1030	392	300
1031	414	317
1032	500	383
1033	826	633
1034	282	339
1035	326	392
1036	376	453
1037	919	1106
1038	191	146
1039	299	229
1040	6	4
1041	478	366
1042	311	238
1043	212	162
1044	293	224
1045	367	441
1046	167	36
1047	326	70
1048	336	72
1049	242	52
1050	310	66
1051	155	33
1052	400	86
1053	645	494
1054	825	315
1055	484	371
1056	399	480
1057	152	183
1058	422	507
1059	511	614
1060	384	462
1061	273	328
1062	305	234
1063	705	540
1064	648	497
1065	1024	785
1066	108	130
1067	451	542
1068	304	11
1069	318	11
1070	255	9
1071	228	8
1072	399	14
1073	365	13
1074	185	6
1075	217	47
1076	699	150
1077	273	59
1078	353	76
1079	279	60
1080	183	39
1081	401	14
1082	421	15
1083	413	14
1084	266	57
1085	191	41
1086	120	26
1087	354	76
1088	465	100
1089	554	119
1090	524	401
1091	455	348
1092	347	74
1093	492	105
1094	514	110
1095	562	120
1096	531	114
1097	599	458
1098	214	12
1099	344	20
1100	442	100
1101	126	28
1102	116	25
1103	499	107
1104	655	140
1105	255	55
1106	125	27
1107	141	30
1108	162	35
1109	210	47
1110	270	7
1111	479	12
1112	224	48
1113	199	5
1114	137	29
1115	168	36
1116	432	93
1117	684	147
1118	456	12
1119	220	44
1120	192	41
1121	136	29
1122	233	50
1123	63	14
1124	541	116
1125	1037	396
1126	182	36
1127	270	54
1128	478	95
1129	457	91
1130	264	52
1131	503	100
1132	303	65
1133	278	55
1134	162	35
1135	832	178
1136	231	30
1137	237	31
1138	293	38
1139	571	75
1140	371	49
1141	327	43
1142	557	180
1143	718	446
1144	281	117
1145	481	298
1146	411	170
1147	726	235
1148	733	237
1149	531	172
1150	969	314
1151	1038	336
1152	277	90
1153	835	270
1154	1229	398
1155	586	190
1156	1025	332
1157	1290	418
1158	590	191
1159	560	181
1160	638	207
1161	346	112
1162	591	191
1163	773	250
1164	703	228
1165	694	225
1166	963	312
1167	318	103
1168	658	272
1169	366	152
1170	669	277
1171	576	239
1172	429	178
1173	629	261
1174	526	64
1175	641	78
1176	922	113
1177	103	13
1178	89	11
1179	693	85
1180	135	16
1181	620	76
1182	499	190
1183	881	108
1184	543	66
1185	729	436
1186	1035	127
1187	748	447
1188	1024	612
1189	714	272
1190	515	308
1191	921	113
1192	838	103
1193	402	49
1194	912	348
1195	494	189
1196	632	241
1197	817	312
1198	755	288
1199	601	38
1200	288	18
1201	366	23
1202	474	30
1203	176	11
1204	220	6
1205	580	15
1206	346	835
1207	339	41
1208	298	36
1209	8	1
1210	191	23
1211	1199	147
1212	639	78
1213	235	29
1214	550	67
1215	462	276
1216	593	354
1217	120	517
1218	513	2212
1219	338	1739
1220	781	466
1221	413	247
1222	693	414
1223	327	195
1224	734	1573
1225	297	1542
1226	394	844
1227	430	2248
1228	251	1294
1229	196	1008
1230	327	1710
1231	1438	176
1232	1060	130
1233	764	94
1234	361	44
1235	836	102
1236	736	90
1237	775	95
1238	303	75
1239	34	1
1240	194	2
1241	139	2
1242	430	15
1243	251	33
1244	316	11
1245	87	3
1246	214	7
1247	385	13
1248	227	95
1249	158	21
1250	72	10
1251	167	4
1252	90	5
1253	40	1
1254	140	19
1255	380	10
1256	213	12
1257	405	24
1258	372	22
1259	235	14
1260	102	6
1261	116	26
1262	405	248
1263	465	284
1264	395	89
1265	214	48
1266	249	152
1267	486	64
1268	321	42
1269	228	132
1270	371	153
1271	257	107
1272	187	14
1273	222	3
1274	333	5
1275	209	3
1276	227	12
1277	182	6
1278	242	13
1279	398	10
1280	101	5
1281	447	89
1282	374	74
1283	453	24
1284	288	57
1285	482	96
1286	79	11
1287	230	32
1288	274	10
1289	264	29
1290	328	36
1291	192	27
1292	539	59
1293	157	17
1294	115	13
1295	331	36
1296	351	38
1297	288	15
1298	226	12
1299	391	51
1300	254	33
1301	977	316
1302	829	268
1303	613	159
1304	379	123
1305	595	193
1306	285	74
1307	622	258
1308	1073	444
1309	1063	276
1310	538	140
1311	540	140
1312	330	226
1313	370	254
1314	931	638
1315	660	452
1316	679	465
1317	508	316
1318	222	138
1319	281	133
1320	563	350
1321	385	240
1322	372	255
1323	538	369
1324	353	242
1325	283	194
1326	320	219
1327	383	263
1328	500	237
1329	584	242
1330	713	295
1331	643	440
1332	646	305
1333	338	5
1334	217	3
1335	187	3
1336	75	2
1337	329	9
1338	157	4
1339	189	5
1340	266	7
1341	359	9
1342	195	3
1343	360	5
1344	293	16
1345	159	2
1346	431	6
1347	333	9
1348	226	6
1349	596	15
1350	247	6
1351	399	10
1352	153	36
1353	76	18
1354	388	68
1355	435	31
1356	80	14
1357	299	17
1358	256	45
1359	307	178
1360	158	28
1361	182	105
1362	412	23
1363	421	26
1364	93	6
1365	509	32
1366	384	24
1367	499	28
1368	592	9
1369	360	22
1370	297	8
1371	301	8
1372	212	210
1373	314	374
1374	200	376
1375	232	276
1376	294	349
1377	159	298
1378	287	341
1379	339	404
1380	327	389
1381	330	295
1382	266	317
1383	440	524
1384	506	601
1385	158	188
1386	341	405
1387	238	283
1388	375	336
1389	176	209
1390	311	370
1391	222	219
1392	212	397
1393	386	344
1394	984	511
1395	599	311
1396	506	262
1397	495	257
1398	594	308
1399	656	340
1400	686	356
1401	438	227
1402	401	366
1403	281	257
1404	483	442
1405	987	512
1406	328	412
1407	373	469
1408	297	374
1409	328	413
1410	675	350
1411	707	367
1412	435	226
1413	817	424
1414	845	438
1415	919	476
1416	783	406
1417	460	579
1418	405	210
1419	585	36
1420	358	86
1421	151	9
1422	276	66
1423	321	20
1424	123	7
1425	390	185
1426	689	326
1427	419	287
1428	495	234
1429	893	422
1430	416	197
1431	564	267
1432	608	287
1433	497	235
1434	486	230
1435	351	166
1436	814	385
1437	447	211
1438	438	207
1439	282	133
1440	409	194
1441	433	205
1442	475	295
1443	240	149
1444	511	318
1445	374	456
1446	53	33
1447	699	435
1448	724	450
1449	315	196
1450	361	171
1451	323	509
1452	525	826
1453	344	542
1454	397	164
1455	527	218
1456	543	225
1457	248	221
1458	367	326
1459	354	315
1460	421	375
1461	270	241
1462	58	52
1463	440	392
1464	326	290
1465	767	683
1466	226	201
1467	268	239
1468	1814	169
1469	647	57
1470	754	66
1471	942	82
1472	727	161
1473	493	17
1474	591	131
1475	902	79
1476	767	170
1477	876	194
1478	987	218
1479	944	83
1480	633	140
1481	658	146
1482	520	115
1483	1650	365
1484	561	188
1485	574	192
1486	395	88
1487	434	146
1488	745	165
1489	399	104
1490	385	100
1491	727	189
1492	992	257
1493	859	223
1494	412	107
1495	864	224
1496	990	257
1497	405	105
1498	412	107
1499	616	160
1500	158	41
1501	484	126
1502	487	126
1503	771	200
1504	292	76
1505	538	140
1506	331	86
1507	324	84
1508	487	126
1509	707	184
1510	444	115
1511	418	108
1512	524	46
1513	355	31
1514	507	131
1515	369	96
1516	650	57
1517	423	110
1518	489	127
1519	189	17
1520	1202	106
1521	449	43
1522	1026	36
1523	617	59
1524	947	317
1525	354	34
1526	481	113
1527	439	135
1528	731	245
1529	307	95
1530	589	153
1531	551	143
1532	763	198
1533	605	157
1534	702	182
1535	381	99
1536	679	176
1537	472	122
1538	433	112
1539	681	177
1540	508	132
1541	346	90
1542	266	88
1543	679	224
1544	585	193
1545	468	393
1546	653	549
1547	856	719
1548	415	349
1549	832	699
1550	685	226
1551	360	119
1552	631	208
1553	685	226
1554	688	227
1555	745	246
1556	501	165
1557	604	199
1558	309	102
1559	473	312
1560	354	233
1561	391	329
1562	298	678
1563	239	542
1564	510	336
1565	574	378
1566	293	465
1567	867	286
1568	732	241
1569	996	328
1570	446	147
1571	534	176
1572	583	192
1573	631	194
1574	542	167
1575	513	338
1576	572	298
1577	358	186
1578	327	170
1579	526	347
1580	272	180
1581	644	198
1582	939	289
1583	436	134
1584	406	125
1585	570	236
1586	444	210
1587	455	188
1588	635	263
1589	816	338
1590	927	384
1591	882	365
1592	998	413
1593	0	0
1594	997	413
1595	449	186
1596	589	279
1597	135	64
1598	381	180
1599	276	131
1600	826	391
1601	368	174
1602	817	386
1603	153	73
1604	361	171
1605	342	162
1606	406	192
1607	380	180
1608	253	120
1609	504	496
1610	301	142
1611	337	160
1612	357	169
1613	530	251
1614	402	396
1615	311	306
1616	473	465
1617	403	36
1618	461	41
1619	904	148
1620	241	21
1621	327	43
1622	0	0
1623	178	29
1624	864	142
1625	29	5
1626	727	64
1627	548	48
1628	386	34
1629	264	60
1630	70	16
1631	1283	300
1632	714	185
1633	1334	346
1634	916	238
1635	381	126
1636	619	55
1637	1123	370
1638	557	184
1639	424	140
1640	189	62
1641	826	272
1642	0	0
1643	438	102
1644	313	73
1645	246	58
1646	1377	454
1647	959	316
1648	212	70
1649	305	201
1650	607	400
1651	177	116
1652	13	11
1653	342	544
1654	261	414
1655	41	65
1656	371	330
1657	559	368
1658	416	274
1659	542	357
1660	177	92
1661	477	248
1662	590	307
1663	494	257
1664	172	113
1665	211	188
1666	669	441
1667	484	319
1668	166	148
1669	329	172
1670	384	200
1671	368	192
1672	347	181
1673	389	203
1674	377	196
1675	616	321
1676	250	130
1677	176	157
1678	175	155
1679	397	353
1680	480	428
1681	947	936
1682	271	268
1683	207	205
1684	215	212
1685	230	227
1686	265	262
1687	499	493
1688	405	400
1689	277	329
1690	252	300
1691	366	328
1692	401	359
1693	389	348
1694	283	253
1695	215	192
1696	188	224
1697	316	283
1698	291	266
1699	58	53
1700	488	446
1701	54	50
1702	122	112
1703	214	191
1704	428	381
1705	338	309
1706	274	250
1707	528	483
1708	539	492
1709	219	200
1710	478	425
1711	379	338
1712	417	371
1713	372	87
1714	670	87
1715	497	65
1716	594	77
1717	362	47
1718	723	69
1719	492	47
1720	167	39
1721	557	53
1722	520	50
1723	281	66
1724	456	107
1725	412	96
1726	141	46
1727	0	0
1728	511	168
1729	874	204
1730	0	0
1731	504	118
1732	372	87
1733	345	114
1734	328	108
1735	747	26
1736	372	36
1737	212	20
1738	396	38
1739	604	58
1740	718	69
1741	497	116
1742	607	142
1743	544	52
1744	983	35
1745	594	183
1746	764	235
1747	519	160
1748	479	250
1749	418	129
1750	494	257
1751	756	233
1752	388	383
1753	323	319
1754	583	304
1755	731	381
1756	326	322
1757	649	338
1758	161	84
1759	170	89
1760	377	197
1761	560	292
1762	442	230
1763	505	263
1764	508	264
1765	455	237
1766	484	252
1767	341	178
1768	397	207
1769	536	279
1770	764	503
1771	713	470
1772	509	335
1773	370	244
1774	322	212
1775	362	239
1776	400	263
1777	375	10
1778	111	7
1779	247	53
1780	269	58
1781	513	110
1782	233	50
1783	322	20
1784	640	137
1785	560	120
1786	544	117
1787	572	218
1788	389	83
1789	739	158
1790	197	42
1791	398	85
1792	1179	450
1793	829	316
1794	539	206
1795	738	282
1796	355	427
1797	515	308
1798	691	413
1799	101	60
1800	75	45
1801	129	155
1802	103	124
1803	185	223
1804	578	695
1805	159	4
1806	475	12
1807	212	5
1808	280	7
1809	65	185
1810	38	135
1811	137	479
1812	8	25
1813	53	118
1814	39	99
1815	68	93
1816	18	53
1817	289	398
1818	264	363
1819	564	777
1820	467	643
1821	587	809
1822	202	701
1823	185	640
1824	328	1138
1825	265	917
1826	306	1062
1827	287	995
1828	283	980
1829	247	856
1830	231	801
1831	269	370
1832	436	601
1833	370	509
1834	476	656
1835	234	812
1836	131	180
1837	449	619
1838	406	559
1839	370	510
1840	525	724
1841	238	826
1842	191	660
1843	215	744
1844	268	930
1845	261	906
1846	299	1036
1847	231	532
1848	713	1479
