1	354	568
2	263	295
3	0	0
4	584	52
5	1768	1021
6	566	85
7	259	385
8	976	1202
9	425	173
10	659	869
11	622	608
12	653	469
13	616	709
14	379	550
15	675	995
16	655	353
17	318	162
18	386	173
19	585	281
20	386	236
21	475	310
22	295	325
23	553	544
24	271	208
25	0	0
26	439	256
27	564	518
28	1698	1476
29	449	318
30	0	0
31	960	1040
32	662	703
33	1261	858
34	111	37
35	484	149
36	946	733
37	1238	954
38	515	313
39	832	97
40	355	79
41	0	0
42	0	0
43	0	0
44	0	0
45	0	0
46	0	0
47	0	0
48	0	0
49	0	0
50	344	128
51	0	0
52	0	0
53	0	0
54	456	596
55	618	405
56	0	0
57	409	390
58	560	491
59	657	505
60	366	255
61	379	420
62	211	171
63	860	636
64	410	370
65	301	204
66	388	380
67	0	0
68	482	263
69	692	578
70	365	395
71	1119	853
72	730	618
73	0	0
74	0	0
75	0	0
76	0	0
77	504	777
78	441	724
79	1289	1614
80	1030	257
81	365	594
82	384	664
83	0	0
84	1222	1293
85	0	0
86	0	0
87	0	0
88	0	0
89	0	0
90	0	0
91	0	0
92	0	0
93	0	0
94	1253	1009
95	0	0
96	0	0
97	0	0
98	0	0
99	0	0
100	922	267
101	0	0
102	0	0
103	0	0
104	886	582
105	773	360
106	338	199
107	598	366
108	0	0
109	0	0
110	0	0
111	1034	879
112	877	820
113	437	357
114	824	572
115	874	766
116	0	0
117	0	0
118	0	0
119	0	0
120	962	261
121	1029	457
122	450	507
123	531	203
124	287	43
125	609	451
126	700	496
127	859	315
128	864	348
129	537	191
130	951	446
131	1360	903
132	593	690
133	725	366
134	235	331
135	686	583
136	492	829
137	866	569
138	599	989
139	754	984
140	350	252
141	661	530
142	598	908
143	556	1082
144	1319	707
145	564	749
146	337	443
147	376	515
148	466	569
149	394	467
150	322	252
151	1382	1748
152	233	203
153	841	918
154	272	183
155	846	836
156	353	473
157	0	0
158	1595	2315
159	388	712
160	0	0
161	0	0
162	0	0
163	738	934
164	552	871
165	892	504
166	435	306
167	417	404
168	550	763
169	0	0
170	431	689
171	912	675
172	0	0
173	586	360
174	316	570
175	0	0
176	1166	790
177	0	0
178	0	0
179	0	0
180	527	1076
181	206	118
182	819	937
183	463	667
184	489	676
185	207	292
186	627	782
187	465	616
188	466	278
189	921	733
190	715	764
191	922	943
192	0	0
193	0	0
194	0	0
195	324	498
196	743	595
197	309	147
198	1337	1904
199	400	460
200	0	0
201	0	0
202	387	305
203	573	363
204	816	572
205	613	518
206	269	180
207	427	302
208	0	0
209	0	0
210	0	0
211	0	0
212	1122	1410
213	0	0
214	0	0
215	424	280
216	288	394
217	314	219
218	592	285
219	0	0
220	437	233
221	475	188
222	546	145
223	475	187
224	409	157
225	556	369
226	572	635
227	0	370
228	0	446
229	0	306
230	0	706
231	0	267
232	0	290
233	0	639
234	0	820
235	0	41
236	0	401
237	0	347
238	0	184
239	0	165
240	0	409
241	0	152
242	0	302
243	0	235
244	0	616
245	0	648
246	0	391
247	0	342
248	0	657
249	0	241
250	0	134
251	0	240
252	0	554
253	0	106
254	0	612
255	0	331
256	0	776
257	0	535
258	0	632
259	0	170
260	0	146
261	0	456
262	0	750
263	0	327
264	0	332
265	0	334
266	0	448
267	0	405
268	0	591
269	0	387
270	0	489
271	0	513
272	0	507
273	0	637
274	0	85
275	0	325
276	0	159
277	0	195
278	0	504
279	0	317
280	0	606
281	0	144
282	0	103
283	0	411
284	0	635
285	0	207
286	0	228
287	0	175
288	0	1166
289	0	750
290	0	746
291	0	71
292	0	282
293	0	642
294	0	364
295	0	267
296	0	310
297	0	411
298	0	115
299	0	521
300	0	457
301	0	932
302	0	408
303	0	394
304	0	374
305	0	515
306	0	311
307	0	458
308	0	489
309	0	107
310	0	405
311	0	539
312	0	683
313	0	292
314	0	313
315	0	867
316	0	625
317	0	571
318	0	742
319	0	811
320	0	875
321	0	718
322	0	521
323	0	87
324	0	331
325	0	312
326	0	410
327	0	652
328	0	105
329	0	202
330	0	660
331	0	704
332	0	691
333	0	409
334	0	337
335	0	151
336	0	320
337	0	222
338	0	428
339	0	355
340	0	355
341	0	164
342	0	283
343	0	445
344	0	151
345	0	0
346	0	0
347	0	0
348	0	0
349	0	0
350	0	0
351	0	0
352	0	0
353	0	0
354	0	0
355	0	0
356	0	0
357	0	0
358	0	0
359	0	0
360	0	0
361	0	0
362	0	0
363	0	0
364	0	0
365	0	0
366	0	0
367	0	0
368	0	0
369	0	0
370	0	0
371	0	0
372	0	0
373	0	0
374	0	0
375	0	0
376	0	0
377	0	0
378	0	0
379	0	0
380	0	0
381	0	0
382	0	0
383	0	0
384	0	0
385	0	0
386	0	0
387	0	0
388	0	0
389	0	0
390	0	0
391	0	0
392	0	0
393	0	0
394	0	0
395	0	0
396	0	0
397	0	0
398	0	0
399	0	0
400	0	0
401	0	0
402	0	0
403	0	0
404	0	0
405	0	0
406	0	0
407	0	0
408	0	0
409	0	0
410	0	0
411	0	0
412	0	0
413	0	0
414	0	0
415	0	0
416	0	0
417	0	0
418	0	0
419	0	0
420	0	0
421	0	0
422	297	851
423	178	560
424	0	0
425	0	0
426	0	0
427	0	0
428	0	0
429	0	0
430	0	0
431	0	0
432	0	0
433	0	0
434	0	0
435	0	0
436	0	0
437	0	0
438	192	502
439	342	1230
440	376	1031
441	0	0
442	0	0
443	364	956
444	0	0
445	0	0
446	0	0
447	267	690
448	255	730
449	258	722
450	260	603
451	285	1030
452	236	702
453	0	0
454	0	0
455	0	0
456	0	0
457	0	0
458	0	0
459	0	0
460	0	0
461	0	0
462	0	0
463	0	0
464	0	0
465	0	0
466	0	0
467	0	0
468	0	0
469	0	0
470	0	0
471	0	0
472	0	0
473	0	0
474	0	0
475	0	0
476	0	0
477	0	0
478	0	0
479	0	0
480	0	0
481	0	0
482	0	0
483	0	0
484	0	0
485	0	0
486	0	0
487	0	0
488	0	0
489	0	0
490	0	0
491	0	0
492	0	0
493	0	0
494	0	0
495	0	0
496	0	0
497	0	0
498	0	0
499	0	0
500	0	0
501	0	0
502	0	0
503	0	0
504	0	0
505	0	0
506	0	0
507	0	0
508	0	0
509	0	0
510	0	0
511	0	0
512	0	0
513	0	0
514	0	0
515	0	0
516	0	0
517	0	0
518	0	0
519	0	0
520	0	0
521	0	0
522	0	0
523	0	0
524	0	0
525	0	0
526	0	0
527	0	0
528	0	0
529	0	0
530	0	0
531	0	0
532	0	0
533	0	0
534	0	0
535	0	0
536	0	0
537	0	0
538	0	0
539	0	0
540	0	0
541	0	0
542	0	0
543	0	0
544	0	0
545	0	0
546	0	0
547	0	0
548	0	0
549	0	0
550	0	0
551	0	0
552	0	0
553	0	0
554	0	0
555	0	0
556	0	0
557	0	0
558	0	0
559	0	0
560	0	0
561	0	0
562	0	0
563	0	0
564	0	0
565	0	0
566	0	0
567	0	0
568	0	0
569	0	0
570	0	0
571	0	0
572	0	0
573	0	0
574	0	0
575	0	0
576	0	0
577	0	0
578	0	0
579	0	0
580	0	0
581	0	0
582	0	0
583	0	0
584	0	0
585	0	0
586	0	0
587	0	0
588	0	0
589	0	0
590	0	0
591	0	0
592	0	0
593	0	0
594	0	0
595	0	0
596	0	0
597	0	0
598	0	0
599	0	0
600	0	0
601	0	0
602	0	0
603	0	0
604	0	0
605	0	0
606	0	0
607	0	0
608	0	0
609	0	0
610	0	0
611	0	0
612	0	0
613	0	0
614	0	0
615	0	0
616	0	0
617	0	0
618	0	0
619	0	0
620	0	0
621	0	0
622	0	0
623	0	0
624	0	0
625	0	0
626	0	0
627	0	0
628	0	0
629	0	0
630	0	0
631	0	0
632	0	0
633	0	0
634	0	0
635	0	0
636	0	0
637	0	0
638	0	0
639	0	0
640	0	0
641	0	0
642	0	0
643	0	0
644	0	0
645	0	0
646	0	0
647	0	0
648	0	0
649	0	0
650	0	0
651	0	0
652	0	0
653	0	0
654	0	0
655	0	0
656	0	0
657	0	0
658	0	0
659	0	0
660	0	0
661	0	0
662	0	0
663	0	0
664	0	0
665	0	0
666	0	0
667	0	0
668	0	0
669	0	0
670	0	0
671	0	0
672	0	0
673	0	0
674	0	0
675	0	0
676	0	0
677	0	0
678	0	0
679	0	0
680	0	0
681	0	0
682	0	0
683	0	0
684	0	0
685	0	0
686	0	0
687	0	0
688	0	0
689	0	0
690	0	0
691	0	0
692	0	0
693	0	0
694	0	0
695	0	0
696	0	0
697	0	0
698	0	0
699	0	0
700	0	0
701	0	0
702	0	0
703	0	0
704	0	0
705	0	0
706	0	0
707	0	0
708	0	0
709	0	0
710	0	0
711	0	0
712	0	0
713	0	0
714	0	0
715	0	0
716	0	0
717	0	0
718	0	0
719	0	0
720	0	0
721	0	0
722	0	0
723	0	0
724	0	0
725	0	0
726	0	0
727	0	0
728	0	0
729	0	0
730	0	0
731	0	0
732	0	0
733	0	0
734	0	0
735	0	0
736	0	0
737	0	0
738	0	0
739	0	0
740	0	0
741	0	0
742	0	0
743	0	0
744	0	0
745	0	0
746	0	0
747	0	0
748	0	0
749	0	0
750	0	0
751	0	0
752	0	0
753	0	0
754	0	0
755	0	0
756	0	0
757	0	0
758	0	0
759	0	0
760	0	0
761	0	0
762	0	0
763	0	0
764	0	0
765	0	0
766	0	0
767	0	0
768	0	0
769	0	0
770	0	0
771	0	0
772	0	0
773	0	0
774	0	0
775	50	219
776	39	119
777	26	113
778	246	539
779	232	623
780	359	754
781	0	0
782	0	0
783	0	0
784	0	0
785	0	0
786	293	366
787	336	274
788	366	385
789	20	89
790	398	985
791	304	632
792	60	138
793	587	1022
794	289	611
795	592	841
796	0	0
797	497	811
798	302	432
799	342	424
800	375	572
801	492	1151
802	0	0
803	0	0
804	0	0
805	0	0
806	0	0
807	0	0
808	0	0
809	0	0
810	0	0
811	0	0
812	377	331
813	304	484
814	537	599
815	0	0
816	947	517
817	1041	666
818	686	198
819	344	566
820	553	616
821	1071	611
822	1048	401
823	1101	423
824	759	499
825	202	96
826	192	80
827	210	93
828	454	76
829	366	36
830	690	45
831	758	39
832	1025	565
833	849	417
834	500	320
835	433	349
836	570	367
837	901	578
838	485	182
839	0	0
840	224	122
841	306	324
842	428	260
843	447	253
844	375	639
845	374	520
846	0	0
847	600	127
848	469	110
849	0	0
850	0	0
851	614	36
852	0	0
853	0	0
854	433	331
855	340	461
856	0	0
857	0	0
858	154	410
859	247	724
860	84	312
861	41	172
862	285	690
863	155	562
864	201	552
865	266	669
866	255	540
867	1253	1820
868	73	169
869	98	201
870	102	364
871	126	278
872	87	196
873	53	153
874	772	822
875	69	217
876	105	197
877	0	0
878	0	0
879	0	0
880	165	53
881	343	65
882	460	62
883	276	42
884	437	92
885	470	56
886	433	131
887	807	163
888	619	33
889	473	89
890	705	161
891	173	220
892	770	57
893	242	42
894	750	120
895	892	66
896	424	109
897	820	126
898	221	76
899	621	141
900	465	137
901	369	358
902	327	413
903	217	253
904	0	0
905	0	0
906	267	728
907	0	0
908	0	0
909	488	414
910	588	389
911	525	585
912	438	501
913	502	761
914	346	561
915	491	728
916	655	873
917	234	378
918	393	518
919	517	286
920	245	433
921	371	485
922	429	524
923	651	791
924	376	445
925	709	662
926	406	571
927	570	575
928	0	0
929	0	0
930	41	108
931	0	0
932	148	324
933	208	371
934	0	0
935	0	0
936	0	0
937	0	0
938	0	0
939	0	0
940	0	0
941	0	0
942	0	0
943	0	0
944	0	0
945	0	0
946	0	0
947	0	0
948	0	0
949	0	0
950	0	0
951	0	0
952	0	0
953	0	0
954	0	0
955	0	0
956	0	0
957	0	0
958	0	0
959	0	0
960	0	0
961	0	0
962	0	0
963	0	0
964	0	0
965	0	0
966	0	0
967	0	0
968	0	0
969	0	0
970	0	0
971	0	0
972	0	0
973	0	0
974	0	0
975	0	0
976	0	0
977	0	0
978	0	0
979	0	0
980	0	0
981	0	0
982	0	0
983	0	0
984	0	0
985	0	0
986	0	0
987	0	0
988	0	0
989	0	0
990	0	0
991	0	0
992	0	0
993	0	0
994	0	0
995	0	0
996	0	0
997	0	0
998	0	0
999	0	0
1000	0	0
1001	0	0
1002	0	0
1003	0	0
1004	0	0
1005	0	0
1006	0	0
1007	0	0
1008	0	0
1009	0	0
1010	0	0
1011	0	0
1012	0	0
1013	0	0
1014	0	0
1015	0	0
1016	0	0
1017	0	0
1018	0	0
1019	0	0
1020	0	0
1021	0	0
1022	0	0
1023	0	0
1024	0	0
1025	0	0
1026	0	0
1027	0	0
1028	0	0
1029	0	0
1030	0	0
1031	0	0
1032	0	0
1033	0	0
1034	0	0
1035	0	0
1036	0	0
1037	0	0
1038	0	0
1039	0	0
1040	0	0
1041	0	0
1042	0	0
1043	0	0
1044	0	0
1045	0	0
1046	0	0
1047	0	0
1048	0	0
1049	0	0
1050	0	0
1051	0	0
1052	0	0
1053	0	0
1054	0	0
1055	0	0
1056	0	0
1057	0	0
1058	0	0
1059	0	0
1060	0	0
1061	0	0
1062	0	0
1063	0	0
1064	0	0
1065	0	0
1066	0	0
1067	0	0
1068	0	0
1069	0	0
1070	0	0
1071	0	0
1072	0	0
1073	0	0
1074	0	0
1075	0	0
1076	0	0
1077	0	0
1078	0	0
1079	0	0
1080	0	0
1081	0	0
1082	0	0
1083	0	0
1084	0	0
1085	0	0
1086	0	0
1087	0	0
1088	0	0
1089	0	0
1090	0	0
1091	207	195
1092	0	0
1093	223	323
1094	0	0
1095	326	492
1096	193	151
1097	0	0
1098	0	0
1099	115	64
1100	0	0
1101	125	119
1102	205	167
1103	0	0
1104	66	124
1105	260	226
1106	83	97
1107	188	153
1108	176	249
1109	187	264
1110	188	181
1111	0	0
1112	261	169
1113	274	134
1114	395	294
1115	366	207
1116	271	118
1117	147	129
1118	235	207
1119	71	78
1120	134	114
1121	125	138
1122	177	208
1123	325	516
1124	112	152
1125	367	532
1126	386	468
1127	210	151
1128	340	375
1129	0	0
1130	354	489
1131	443	622
1132	208	178
1133	382	487
1134	114	164
1135	122	257
1136	331	452
1137	319	322
1138	258	284
1139	373	674
1140	0	0
1141	209	325
1142	0	0
1143	269	206
1144	342	270
1145	243	206
1146	0	0
1147	0	0
1148	154	163
1149	144	165
1150	144	126
1151	174	191
1152	166	173
1153	156	149
1154	212	204
1155	202	182
1156	340	439
1157	237	171
1158	91	93
1159	380	423
1160	32	43
1161	0	0
1162	127	117
1163	395	452
1164	221	358
1165	157	200
1166	148	202
1167	126	120
1168	439	476
1169	347	292
1170	417	497
1171	117	323
1172	68	112
1173	146	277
1174	211	546
1175	0	0
1176	223	410
1177	173	152
1178	335	592
1179	167	317
1180	0	0
1181	208	272
1182	168	349
1183	241	301
1184	0	0
1185	169	283
1186	251	282
1187	237	613
1188	214	480
1189	224	441
1190	263	481
1191	291	571
1192	134	132
1193	139	212
1194	0	0
1195	113	147
1196	234	363
1197	78	100
1198	0	0
1199	335	488
1200	256	333
1201	141	203
1202	0	0
1203	379	394
1204	0	0
1205	0	0
1206	371	813
1207	0	0
1208	220	365
1209	36	68
1210	128	150
1211	269	240
1212	396	270
1213	52	51
1214	0	0
1215	0	0
1216	265	342
1217	196	288
1218	255	307
1219	246	417
1220	148	149
1221	173	80
1222	95	129
1223	202	192
1224	377	308
1225	333	256
1226	287	226
1227	41	45
1228	164	76
1229	128	67
1230	84	49
1231	247	212
1232	356	336
1233	0	0
1234	0	0
1235	264	381
1236	37	48
1237	77	115
1238	0	0
1239	220	153
1240	120	127
1241	306	379
1242	135	151
1243	61	62
1244	172	34
1245	130	65
1246	0	0
1247	133	44
1248	402	152
1249	47	20
1250	0	0
1251	0	0
1252	163	382
1253	369	634
1254	153	255
1255	195	260
1256	42	67
1257	11	29
1258	153	184
1259	340	339
1260	0	0
1261	0	0
1262	0	0
1263	103	154
1264	0	0
1265	0	0
1266	183	161
1267	0	0
1268	262	256
1269	234	246
1270	0	0
1271	0	0
1272	0	0
1273	317	336
1274	251	266
1275	0	0
1276	0	0
1277	0	0
1278	0	0
1279	0	0
1280	287	465
1281	0	0
1282	191	275
1283	178	166
1284	0	0
1285	189	261
1286	462	0
1287	345	0
1288	545	0
1289	287	0
1290	0	0
1291	0	0
1292	0	0
1293	0	0
1294	0	0
1295	0	0
1296	0	0
1297	0	0
1298	0	0
1299	445	0
1300	449	0
1301	688	0
1302	385	0
1303	399	0
1304	359	0
1305	303	0
1306	523	0
1307	398	0
1308	458	0
1309	424	0
1310	416	0
1311	369	0
1312	393	0
1313	416	0
1314	246	0
1315	206	0
1316	182	0
1317	194	0
1318	176	262
1319	548	0
1320	267	0
1321	177	0
1322	354	0
1323	73	0
1324	185	420
1325	182	0
1326	223	0
1327	0	0
1328	0	0
1329	0	0
1330	0	0
1331	0	0
1332	0	0
1333	0	0
1334	0	0
1335	0	0
1336	0	0
1337	0	0
1338	263	0
1339	0	0
1340	0	0
1341	0	0
1342	193	0
1343	230	0
1344	207	0
1345	205	0
1346	218	0
1347	245	408
1348	326	526
1349	473	592
1350	183	255
1351	331	621
1352	379	466
1353	0	0
1354	0	0
1355	0	0
1356	742	1218
1357	274	299
1358	238	310
1359	393	560
1360	434	725
1361	0	0
1362	0	0
1363	0	0
1364	0	0
1365	0	0
1366	0	0
1367	0	0
1368	0	0
1369	0	0
1370	466	837
1371	391	490
1372	0	0
1373	0	0
1374	0	0
1375	327	439
1376	0	0
1377	218	284
1378	0	0
1379	0	0
1380	0	0
1381	0	0
1382	0	0
1383	287	419
1384	0	0
1385	0	0
1386	0	0
1387	0	0
1388	0	0
1389	0	0
1390	0	0
1391	0	0
1392	0	0
1393	0	0
1394	0	0
1395	0	0
1396	134	188
1397	131	175
1398	292	308
1399	309	481
1400	224	335
1401	348	649
1402	414	794
1403	181	306
1404	124	0
1405	307	0
1406	282	0
1407	345	0
1408	282	0
1409	105	0
1410	192	0
1411	213	320
1412	0	0
1413	0	0
1414	0	0
1415	0	0
1416	0	0
1417	0	0
1418	0	0
1419	0	0
1420	0	0
1421	0	0
1422	0	0
1423	0	0
1424	0	0
1425	318	242
1426	243	274
1427	0	0
1428	0	0
1429	260	198
1430	306	236
1431	157	117
1432	360	222
1433	588	0
1434	484	0
1435	339	0
1436	287	239
1437	140	0
1438	281	0
1439	213	0
1440	444	0
1441	136	0
1442	284	0
1443	293	0
1444	395	0
1445	246	0
1446	263	0
1447	470	0
1448	241	0
1449	284	0
1450	148	0
1451	94	0
1452	201	0
1453	303	0
1454	451	0
1455	401	0
1456	247	0
1457	438	0
1458	227	0
1459	247	0
1460	141	0
1461	104	0
1462	302	0
1463	450	0
1464	145	0
1465	379	0
1466	437	0
1467	397	0
1468	0	0
1469	0	0
1470	0	0
1471	0	0
1472	369	0
1473	212	0
1474	370	0
1475	301	0
1476	262	0
1477	107	0
1478	256	0
1479	347	0
1480	337	0
1481	210	0
1482	206	0
1483	246	0
1484	174	0
1485	392	0
1486	284	0
1487	342	0
1488	522	0
1489	415	0
1490	350	0
1491	155	218
1492	205	307
1493	156	241
1494	595	0
1495	659	0
1496	616	0
1497	420	0
1498	472	0
1499	498	0
1500	189	326
1501	143	197
1502	245	322
1503	321	528
1504	342	0
1505	306	0
1506	502	0
1507	0	0
1508	665	0
1509	703	0
1510	419	0
1511	215	0
1512	556	0
1513	91	0
1514	697	0
1515	290	0
1516	440	0
1517	232	0
1518	418	0
1519	397	0
1520	154	273
1521	232	335
1522	379	604
1523	236	0
1524	256	0
1525	233	0
1526	404	0
1527	122	0
1528	265	294
1529	337	321
1530	0	0
1531	0	0
1532	0	0
1533	0	0
1534	0	0
1535	0	0
1536	0	0
1537	0	0
1538	0	0
1539	0	0
1540	0	0
1541	360	0
1542	489	0
1543	0	0
1544	0	0
1545	0	0
1546	0	0
1547	0	0
1548	0	0
1549	0	0
1550	0	0
1551	0	0
1552	0	0
1553	0	0
1554	0	0
1555	0	0
1556	0	0
1557	0	0
1558	0	0
1559	0	0
1560	0	0
1561	0	0
1562	0	0
1563	433	493
1564	235	538
1565	411	763
1566	598	1139
1567	346	530
1568	253	412
1569	560	1014
1570	602	894
1571	326	0
1572	400	0
1573	239	373
1574	344	0
1575	432	0
1576	391	0
1577	446	0
1578	413	0
1579	446	0
1580	457	0
1581	546	0
1582	446	0
1583	424	0
1584	175	0
1585	202	0
1586	396	0
1587	413	143
1588	0	0
1589	0	0
1590	0	0
1591	0	0
1592	0	0
1593	0	0
1594	0	0
1595	0	0
1596	0	0
1597	0	0
1598	0	0
1599	197	291
1600	0	0
1601	0	0
1602	0	0
1603	0	0
1604	0	0
1605	0	0
1606	0	0
1607	0	0
1608	0	0
1609	0	0
1610	0	0
1611	0	0
1612	0	0
1613	0	0
1614	169	0
1615	350	0
1616	321	0
1617	160	0
1618	245	0
1619	101	0
1620	489	0
1621	0	0
1622	0	0
1623	0	0
1624	0	0
1625	0	0
1626	0	0
1627	0	0
1628	0	0
1629	0	0
1630	0	0
1631	0	0
1632	0	0
1633	0	0
1634	0	0
1635	0	0
1636	0	0
1637	0	0
1638	0	0
1639	0	0
1640	0	0
1641	0	0
1642	0	0
1643	0	0
1644	0	0
1645	0	0
1646	0	0
1647	0	0
1648	0	0
1649	0	0
1650	0	0
1651	0	0
1652	0	0
1653	0	0
1654	0	0
1655	0	0
1656	0	0
1657	0	0
1658	0	0
1659	0	0
1660	0	0
1661	0	0
1662	0	0
1663	0	0
1664	0	0
1665	0	0
1666	0	0
1667	0	0
1668	240	0
1669	268	0
1670	229	0
1671	235	0
1672	343	0
1673	229	0
1674	225	0
1675	303	0
1676	187	0
1677	175	0
1678	275	0
1679	233	0
1680	0	0
1681	0	0
1682	0	0
1683	0	0
1684	0	0
1685	0	0
1686	440	1056
1687	346	864
1688	177	537
1689	438	914
1690	282	606
1691	78	196
1692	162	327
1693	656	0
1694	195	213
1695	219	374
1696	129	294
1697	133	265
1698	233	482
1699	203	274
1700	0	0
1701	0	0
1702	0	0
1703	0	0
1704	0	0
1705	0	0
1706	0	0
1707	0	0
1708	196	281
1709	0	0
1710	0	0
1711	141	162
1712	0	0
1713	0	0
1714	289	432
1715	190	259
1716	404	723
1717	496	760
1718	0	0
1719	0	0
1720	0	0
1721	0	0
1722	0	0
1723	0	0
1724	0	0
1725	0	0
1726	447	0
1727	280	0
1728	224	0
1729	160	0
1730	0	0
1731	0	0
1732	0	0
1733	0	0
1734	0	0
1735	0	0
1736	0	0
1737	0	0
1738	0	0
1739	0	0
1740	0	0
1741	0	0
1742	0	0
1743	0	0
1744	0	0
1745	0	0
1746	0	0
1747	0	0
1748	0	0
1749	0	0
1750	0	0
1751	0	0
1752	231	358
1753	58	88
1754	471	926
1755	0	0
1756	0	0
1757	0	0
1758	0	0
1759	0	0
1760	0	0
1761	0	0
1762	0	0
1763	0	0
1764	0	0
1765	0	0
1766	0	0
1767	139	0
1768	5	0
1769	75	0
1770	221	0
1771	260	0
1772	157	0
1773	65	0
1774	149	0
1775	0	0
1776	0	0
1777	148	0
1778	138	0
1779	262	0
1780	274	0
1781	168	0
1782	224	0
1783	156	0
1784	297	0
1785	190	0
1786	252	0
1787	238	0
1788	289	0
1789	105	0
1790	257	0
1791	292	0
1792	433	0
1793	387	0
1794	0	0
1795	206	0
1796	230	0
1797	213	0
1798	347	0
1799	429	0
1800	0	0
1801	0	0
1802	0	0
1803	0	0
1804	0	0
1805	0	0
1806	0	0
1807	0	0
1808	395	0
1809	303	0
1810	157	0
1811	311	0
1812	0	0
1813	0	0
1814	0	0
1815	0	0
1816	0	0
1817	378	0
1818	443	0
1819	228	0
1820	338	0
1821	316	0
1822	251	0
1823	425	0
1824	344	0
1825	469	0
1826	436	0
1827	490	0
1828	522	0
1829	472	0
1830	18	0
1831	440	0
1832	528	0
1833	552	0
1834	602	0
1835	456	0
1836	226	0
1837	533	0
1838	311	0
1839	346	0
1840	771	0
1841	625	0
1842	601	0
1843	372	0
1844	351	0
1845	528	0
1846	220	0
1847	408	0
1848	230	0
1849	537	0
1850	392	0
1851	390	0
1852	490	0
1853	341	0
1854	416	481
1855	218	335
1856	363	337
1857	615	1006
1858	249	341
1859	506	1059
1860	189	344
1861	319	439
1862	240	386
1863	296	189
1864	411	277
1865	276	218
1866	247	220
1867	323	273
1868	0	0
1869	228	224
1870	191	172
1871	317	266
1872	0	0
1873	227	407
1874	258	409
1875	281	355
1876	280	435
1877	381	569
1878	271	248
1879	384	348
1880	236	268
1881	124	126
1882	270	349
1883	296	407
1884	250	216
1885	215	203
1886	270	207
1887	247	248
1888	211	355
1889	288	294
1890	252	346
1891	355	541
1892	266	227
1893	0	0
1894	221	211
1895	0	0
1896	343	363
1897	261	269
1898	211	301
1899	338	300
1900	176	272
1901	323	490
1902	201	391
1903	0	0
1904	176	239
1905	241	215
1906	168	280
1907	191	228
1908	211	0
1909	312	0
1910	236	0
1911	198	0
1912	407	0
1913	267	0
1914	231	0
1915	211	0
1916	407	0
1917	251	0
1918	357	0
1919	399	0
1920	436	0
1921	421	0
1922	235	0
1923	138	0
1924	295	532
1925	233	417
1926	266	446
1927	314	436
1928	416	0
1929	692	0
1930	317	0
1931	237	425
1932	313	448
1933	281	0
1934	144	0
1935	390	0
1936	362	0
1937	552	0
1938	285	0
1939	399	0
1940	228	0
1941	264	0
1942	489	0
1943	221	387
1944	136	0
1945	218	0
1946	237	0
1947	332	0
1948	223	0
1949	313	0
1950	506	0
1951	173	251
1952	578	888
1953	319	0
1954	119	0
1955	230	333
1956	283	0
1957	218	0
1958	269	0
1959	355	0
1960	0	0
1961	0	0
1962	0	0
1963	0	0
1964	277	0
1965	322	0
1966	0	0
1967	0	0
1968	170	255
1969	0	0
1970	0	0
1971	0	0
1972	553	0
1973	148	186
1974	560	0
1975	518	0
1976	416	0
1977	527	0
1978	456	0
1979	375	0
1980	418	0
1981	331	706
1982	390	567
1983	163	224
1984	425	615
1985	506	0
1986	512	0
1987	213	0
1988	170	0
1989	173	194
1990	208	0
1991	339	0
1992	497	0
1993	0	0
1994	0	0
1995	199	0
1996	210	0
1997	0	0
1998	252	0
1999	478	0
2000	569	0
2001	406	0
2002	489	0
2003	451	0
2004	363	0
2005	285	0
2006	427	0
2007	363	0
2008	457	0
2009	306	0
2010	524	0
2011	411	0
2012	329	0
2013	369	0
2014	448	0
2015	418	0
2016	377	0
2017	429	0
2018	297	0
2019	426	0
2020	383	0
2021	372	0
2022	543	0
2023	356	0
2024	454	0
2025	314	0
2026	446	0
2027	396	0
2028	276	0
2029	400	0
2030	363	0
2031	380	0
2032	322	0
2033	371	0
2034	315	0
2035	305	0
2036	328	0
2037	315	0
2038	287	435
2039	135	204
2040	219	215
2041	0	0
2042	0	0
2043	0	0
2044	58	0
2045	0	0
2046	0	0
2047	0	0
2048	0	0
2049	0	0
2050	0	0
2051	0	0
2052	162	0
2053	438	0
2054	0	0
2055	0	0
2056	0	0
2057	0	0
2058	0	0
2059	135	0
2060	561	0
2061	0	0
2062	209	0
2063	332	0
2064	558	0
2065	416	0
2066	759	0
2067	405	0
2068	421	0
2069	151	0
2070	1386	0
2071	847	0
2072	442	0
2073	0	0
2074	341	0
2075	1699	0
2076	0	0
2077	0	0
2078	0	0
2079	367	683
2080	149	306
2081	202	300
2082	258	0
2083	367	0
2084	339	0
2085	391	0
2086	504	0
2087	1351	0
2088	41	0
2089	578	0
2090	96	0
2091	18	0
2092	0	0
2093	0	0
2094	0	0
2095	0	0
2096	0	0
2097	0	0
2098	0	0
2099	0	0
2100	0	0
2101	0	0
2102	210	0
2103	406	0
2104	450	0
2105	0	0
2106	0	0
2107	0	0
2108	0	0
2109	0	0
2110	0	0
2111	0	0
2112	0	0
2113	0	0
2114	0	0
2115	0	0
2116	0	0
2117	0	0
2118	244	0
2119	336	0
2120	242	0
2121	581	0
2122	547	0
2123	360	0
2124	377	0
2125	447	0
2126	474	0
2127	353	0
2128	404	0
2129	354	0
2130	576	0
2131	359	0
2132	348	0
2133	375	0
2134	582	0
2135	445	0
2136	352	0
2137	318	0
2138	321	0
2139	522	0
2140	0	0
2141	0	0
2142	0	0
2143	242	0
2144	359	0
2145	414	0
2146	0	0
2147	391	0
2148	0	0
2149	363	0
2150	0	0
2151	0	0
2152	0	0
2153	364	0
2154	475	0
2155	0	0
2156	0	0
2157	0	0
2158	0	0
2159	0	0
2160	288	0
2161	321	0
2162	305	0
2163	0	0
2164	0	0
2165	0	0
2166	0	0
2167	0	0
2168	337	0
2169	391	0
2170	393	0
2171	327	0
2172	376	0
2173	0	0
2174	0	0
2175	0	0
2176	0	0
2177	0	0
2178	0	0
2179	0	0
2180	0	0
2181	0	0
2182	0	0
2183	0	0
2184	0	0
2185	0	0
2186	0	0
2187	0	0
2188	176	278
2189	0	0
2190	0	0
2191	0	0
2192	0	0
2193	0	0
2194	361	0
2195	0	0
2196	0	0
2197	0	0
2198	0	0
2199	150	256
2200	0	0
2201	0	0
2202	0	0
2203	170	0
2204	0	0
2205	0	0
2206	200	309
2207	222	277
2208	0	0
2209	301	352
2210	210	0
2211	251	0
2212	217	0
2213	264	459
2214	244	364
2215	190	0
2216	182	0
2217	208	0
2218	219	0
2219	141	0
2220	157	0
2221	243	360
2222	231	412
2223	143	0
2224	549	0
2225	212	0
2226	290	0
2227	187	0
2228	486	0
2229	267	0
2230	347	0
2231	120	0
2232	637	0
2233	447	0
2234	282	0
2235	347	0
2236	351	0
2237	517	0
2238	536	0
2239	379	0
2240	500	0
2241	395	0
2242	517	0
2243	429	0
2244	474	0
2245	524	0
2246	474	0
2247	487	0
2248	330	0
2249	0	0
2250	329	0
2251	519	0
2252	548	0
2253	496	0
2254	504	0
2255	650	0
2256	476	0
2257	445	0
2258	372	0
2259	382	0
2260	0	0
2261	457	0
2262	334	0
2263	597	0
2264	508	0
2265	729	0
2266	413	0
2267	422	0
2268	446	0
2269	340	0
2270	449	0
2271	318	0
2272	420	0
2273	345	0
2274	478	0
2275	279	0
2276	337	0
2277	320	0
2278	362	0
2279	341	0
2280	378	0
2281	299	0
2282	340	0
2283	0	0
2284	0	0
2285	385	0
2286	438	0
2287	393	0
2288	350	0
2289	251	0
2290	349	0
2291	315	0
2292	165	0
2293	259	0
2294	381	0
2295	291	0
2296	232	0
2297	219	0
2298	316	0
2299	198	0
2300	226	0
2301	413	0
2302	0	0
2303	351	0
2304	229	0
2305	320	0
2306	0	0
2307	0	0
2308	0	0
2309	0	0
2310	269	0
2311	322	0
2312	0	0
2313	0	0
2314	0	0
2315	0	0
2316	0	0
2317	0	0
2318	0	0
2319	0	0
2320	0	0
2321	0	0
2322	0	0
2323	0	0
2324	0	0
2325	0	0
2326	0	0
2327	0	0
2328	0	0
2329	0	0
2330	0	0
2331	0	0
2332	0	0
2333	0	0
2334	0	0
2335	0	0
2336	0	0
2337	0	0
2338	0	0
2339	0	0
2340	0	0
2341	0	0
2342	0	0
2343	0	0
2344	0	0
2345	0	0
2346	0	0
2347	0	0
2348	0	0
2349	0	0
2350	0	0
2351	0	0
2352	0	0
2353	0	0
2354	0	0
2355	0	0
2356	0	0
2357	0	0
2358	0	0
2359	0	0
2360	0	0
2361	0	0
2362	0	0
2363	0	0
2364	0	0
2365	0	0
2366	0	0
2367	0	0
2368	0	0
2369	0	0
2370	0	0
2371	0	0
2372	0	0
2373	0	0
2374	0	0
2375	0	0
2376	0	0
2377	0	0
2378	0	0
2379	0	0
2380	0	0
2381	0	0
2382	0	0
2383	0	0
2384	0	0
2385	0	0
2386	0	0
2387	0	0
2388	0	0
2389	0	0
2390	0	0
2391	0	0
2392	0	0
2393	0	0
2394	0	0
2395	0	0
2396	0	0
2397	0	0
2398	0	0
2399	0	0
2400	0	0
2401	0	0
2402	0	0
2403	0	0
2404	0	0
2405	0	0
2406	0	0
2407	0	0
2408	0	0
2409	0	0
2410	0	0
2411	0	0
2412	0	0
2413	0	0
2414	0	0
2415	0	0
2416	0	0
2417	0	0
2418	0	0
2419	0	0
2420	0	0
2421	0	0
2422	0	0
2423	0	0
2424	0	0
2425	0	0
2426	301	0
2427	226	0
2428	304	0
2429	0	0
2430	250	0
2431	282	0
2432	318	0
2433	331	0
2434	0	0
2435	85	0
2436	299	0
2437	323	0
2438	309	0
2439	284	0
2440	283	0
2441	168	271
2442	141	262
2443	189	310
2444	915	0
2445	867	0
2446	292	0
2447	189	0
2448	597	0
2449	398	0
2450	421	0
2451	320	0
2452	294	0
2453	279	0
2454	559	0
2455	289	0
2456	400	0
2457	288	0
2458	356	0
2459	291	0
2460	274	0
2461	0	0
2462	0	0
2463	0	0
2464	0	0
2465	0	0
2466	0	0
2467	361	686
2468	0	0
2469	0	0
2470	0	0
2471	0	0
2472	0	0
2473	0	0
2474	0	0
2475	0	0
2476	0	0
2477	0	0
2478	0	0
2479	0	0
2480	0	0
2481	0	0
2482	0	0
2483	0	0
2484	0	0
2485	0	0
2486	0	0
2487	0	0
2488	0	0
2489	0	0
2490	0	0
2491	0	0
2492	0	0
2493	0	0
2494	0	0
2495	0	0
2496	0	0
2497	0	0
2498	0	0
2499	0	0
2500	342	424
2501	0	0
2502	0	0
2503	0	0
2504	179	236
2505	0	0
2506	0	0
2507	0	0
2508	0	0
2509	0	0
2510	0	0
2511	0	0
2512	0	0
2513	0	0
2514	0	0
2515	0	0
2516	0	0
2517	0	0
2518	0	0
2519	0	0
2520	248	369
2521	193	251
2522	158	256
2523	129	173
2524	311	499
2525	243	308
2526	328	511
2527	228	485
2528	251	397
2529	247	324
2530	171	147
2531	341	494
2532	0	0
2533	0	0
2534	0	0
2535	0	0
2536	444	0
2537	374	0
2538	0	0
2539	141	0
2540	278	593
2541	217	331
2542	145	340
2543	280	457
2544	159	252
2545	230	414
2546	217	418
2547	214	384
2548	357	661
2549	178	298
2550	334	0
2551	0	0
2552	0	0
2553	221	0
2554	326	0
2555	311	0
2556	315	0
2557	361	0
2558	0	0
2559	0	0
2560	479	0
2561	437	0
2562	202	244
2563	200	284
2564	139	181
2565	174	291
2566	586	0
2567	262	0
2568	427	0
2569	381	0
2570	405	727
2571	0	0
2572	0	0
2573	0	0
2574	0	0
2575	0	0
2576	0	0
2577	0	0
2578	0	0
2579	0	0
2580	0	0
2581	0	0
2582	0	0
2583	0	0
2584	0	0
2585	0	0
2586	0	0
2587	0	0
2588	0	0
2589	0	0
2590	0	0
2591	0	0
2592	0	0
2593	0	0
2594	383	0
2595	314	0
2596	496	0
2597	358	0
2598	325	0
2599	0	0
2600	0	0
2601	0	0
2602	0	0
2603	0	0
2604	0	0
2605	0	0
2606	0	0
2607	0	0
2608	0	0
2609	0	0
2610	0	0
2611	0	0
2612	0	0
2613	0	0
2614	0	0
2615	0	0
2616	0	0
2617	372	0
2618	0	0
2619	0	0
2620	0	0
2621	0	0
2622	422	0
2623	313	0
2624	201	0
2625	339	0
2626	339	0
2627	226	0
2628	284	0
2629	871	0
2630	884	0
2631	691	0
2632	534	0
2633	837	0
2634	988	0
2635	918	0
2636	534	0
2637	317	0
2638	268	0
2639	297	0
2640	893	0
2641	543	0
2642	1255	0
2643	391	0
2644	519	0
2645	445	0
2646	203	0
2647	276	0
2648	295	0
2649	292	0
2650	221	0
2651	393	0
2652	300	0
2653	366	0
2654	348	0
2655	294	0
2656	387	0
2657	348	0
2658	429	0
2659	372	0
2660	128	0
2661	248	0
2662	220	0
2663	237	0
2664	325	0
2665	247	0
2666	394	0
2667	309	0
2668	396	0
2669	420	0
2670	452	0
2671	259	0
2672	304	0
2673	274	0
2674	481	0
2675	185	0
2676	286	0
2677	250	0
2678	342	0
2679	369	0
2680	296	0
2681	522	0
2682	371	0
2683	344	0
2684	263	0
2685	424	0
2686	0	0
2687	0	0
2688	0	0
2689	0	0
2690	0	0
2691	0	0
2692	0	0
2693	0	0
2694	0	0
2695	0	0
2696	0	0
2697	0	0
2698	0	0
2699	0	0
2700	443	0
2701	320	0
2702	442	0
2703	395	0
2704	417	0
2705	460	0
2706	465	0
2707	453	0
2708	0	0
2709	504	0
2710	355	0
2711	327	0
2712	351	0
2713	306	0
2714	446	0
2715	412	0
2716	510	0
2717	322	0
2718	317	0
2719	413	0
2720	666	0
2721	409	0
2722	382	0
2723	405	0
2724	346	0
2725	318	0
2726	417	0
2727	326	0
2728	0	0
2729	331	0
2730	302	0
2731	0	0
2732	0	0
2733	346	0
2734	336	0
2735	487	0
2736	312	0
2737	345	0
2738	450	0
2739	297	0
2740	511	0
2741	352	0
2742	263	0
2743	246	0
2744	289	0
2745	578	0
2746	999	0
2747	288	0
2748	405	0
2749	360	0
2750	281	0
2751	545	0
2752	59	0
2753	464	0
2754	364	0
2755	624	0
2756	233	0
2757	432	0
2758	287	0
2759	451	0
2760	284	0
2761	310	0
2762	552	0
2763	581	0
2764	338	0
2765	607	0
2766	438	0
2767	552	0
2768	663	0
2769	375	0
2770	483	0
2771	437	0
2772	400	0
2773	560	0
2774	551	0
2775	457	0
2776	458	0
2777	404	0
2778	418	0
2779	522	0
2780	437	0
2781	436	0
2782	904	0
2783	579	0
2784	243	0
2785	265	0
2786	304	0
2787	301	0
2788	352	0
2789	262	0
2790	341	0
2791	268	0
2792	202	0
2793	261	0
2794	290	0
2795	183	0
2796	134	0
2797	169	0
2798	364	0
2799	238	0
2800	283	0
2801	242	0
2802	273	0
2803	470	0
2804	284	0
2805	316	0
2806	405	0
2807	244	0
2808	0	0
2809	0	0
2810	0	0
2811	0	0
2812	0	0
2813	0	0
2814	0	0
2815	0	0
2816	0	0
2817	0	0
2818	0	0
2819	0	0
2820	0	0
2821	0	0
2822	0	0
2823	0	0
2824	0	0
2825	0	0
2826	0	0
2827	0	0
2828	828	0
2829	586	0
2830	384	0
2831	662	0
2832	408	0
2833	292	0
2834	223	0
2835	497	0
2836	129	0
2837	373	0
2838	413	0
2839	0	0
2840	404	0
2841	439	0
2842	438	0
2843	406	0
2844	462	0
2845	453	0
2846	163	0
2847	1015	0
2848	411	0
2849	321	0
2850	551	0
2851	0	0
2852	0	0
2853	404	0
2854	0	0
2855	251	0
2856	208	0
2857	360	0
2858	0	0
2859	0	0
2860	0	0
2861	270	0
2862	251	0
2863	0	0
2864	0	0
2865	0	0
2866	0	0
2867	0	0
2868	286	0
2869	0	0
2870	0	0
2871	0	0
2872	371	0
2873	0	0
2874	0	0
2875	0	0
2876	0	0
2877	0	0
2878	0	0
2879	0	0
2880	0	0
2881	0	0
2882	269	0
2883	0	0
2884	317	0
2885	414	0
2886	505	0
2887	405	0
2888	157	0
2889	824	0
2890	211	0
2891	466	0
2892	297	0
2893	291	0
2894	364	0
2895	346	0
2896	412	0
2897	479	0
2898	0	0
2899	0	0
2900	325	0
2901	418	0
2902	431	0
2903	278	0
2904	431	0
2905	449	0
2906	406	0
2907	422	0
2908	266	0
2909	441	0
2910	287	0
2911	288	0
2912	294	0
2913	458	0
2914	320	0
2915	544	0
2916	398	0
2917	388	0
2918	426	0
2919	551	0
2920	555	0
2921	536	0
2922	426	0
2923	326	0
2924	341	0
2925	563	0
2926	470	0
2927	329	0
2928	310	0
2929	343	0
2930	477	0
2931	482	0
2932	272	0
2933	262	0
2934	391	0
2935	331	0
2936	326	0
2937	629	0
2938	214	0
2939	295	0
2940	392	0
2941	0	0
2942	665	0
2943	0	0
2944	361	0
2945	289	0
2946	389	0
2947	288	0
2948	435	0
2949	302	0
2950	298	0
2951	246	0
2952	252	0
2953	384	0
2954	313	0
2955	357	0
2956	577	0
2957	0	0
2958	250	0
2959	246	0
2960	683	0
2961	751	0
2962	638	0
2963	424	0
2964	607	0
2965	487	0
2966	403	0
2967	299	0
2968	427	0
2969	396	0
2970	0	0
2971	0	0
2972	0	0
2973	0	0
2974	0	0
2975	0	0
2976	0	0
2977	0	0
2978	0	0
2979	0	0
2980	0	0
2981	0	0
2982	0	0
2983	527	0
2984	0	0
2985	0	0
2986	0	0
2987	0	0
2988	0	0
2989	0	0
2990	0	0
2991	0	0
2992	0	0
2993	0	0
2994	524	0
2995	0	0
2996	0	0
2997	0	0
2998	0	0
2999	0	0
3000	0	0
3001	0	0
3002	0	0
3003	0	0
3004	0	0
3005	0	0
3006	760	0
3007	0	0
3008	0	0
3009	0	0
3010	0	0
3011	204	36
3012	0	0
3013	0	0
3014	0	0
3015	0	0
3016	0	0
3017	0	0
3018	0	0
3019	0	0
3020	0	0
3021	0	0
3022	0	0
3023	0	0
3024	0	0
3025	0	0
3026	0	0
3027	0	0
3028	0	0
3029	0	0
3030	483	0
3031	0	0
3032	0	0
3033	474	0
3034	0	0
3035	344	0
3036	421	0
3037	0	0
3038	0	0
3039	0	0
3040	0	0
3041	224	92
3042	0	0
3043	0	0
3044	0	0
3045	0	0
3046	0	0
3047	0	0
3048	0	0
3049	0	0
3050	0	0
3051	324	0
3052	354	0
3053	406	0
3054	344	0
3055	409	0
3056	343	0
3057	268	0
3058	311	0
3059	272	0
3060	297	0
3061	321	0
3062	723	0
3063	509	0
3064	482	0
3065	561	0
3066	472	0
3067	478	0
3068	353	0
3069	380	0
3070	501	0
3071	308	0
3072	542	0
3073	666	0
3074	187	0
3075	179	0
3076	218	0
3077	273	0
3078	466	0
3079	218	0
3080	233	0
3081	260	0
3082	222	132
3083	231	0
3084	226	0
3085	70	24
3086	196	0
3087	235	0
3088	168	117
3089	206	0
3090	231	0
3091	213	0
3092	186	0
3093	175	0
3094	221	0
3095	224	0
3096	240	0
3097	218	0
3098	0	0
3099	225	0
3100	251	0
3101	175	0
3102	244	0
3103	181	0
3104	230	0
3105	0	0
3106	0	0
3107	213	0
3108	276	0
3109	0	0
3110	257	30
3111	305	0
3112	244	0
3113	209	0
3114	122	0
3115	225	0
3116	212	0
3117	265	0
3118	235	0
3119	324	0
3120	282	0
3121	190	0
3122	221	0
3123	267	0
3124	338	0
3125	273	0
3126	260	0
3127	213	0
3128	248	0
3129	246	0
3130	208	0
3131	243	0
3132	268	0
3133	81	0
3134	291	0
3135	234	0
3136	575	0
3137	0	0
3138	434	0
3139	0	0
3140	0	0
3141	0	0
3142	0	0
3143	0	0
3144	0	0
3145	0	0
3146	491	0
3147	0	0
3148	0	0
3149	0	0
3150	0	0
3151	0	0
3152	323	0
3153	0	0
3154	0	0
3155	0	0
3156	0	0
3157	0	0
3158	0	0
3159	0	0
3160	0	0
3161	278	0
3162	267	0
3163	249	0
3164	358	0
3165	277	0
3166	283	0
3167	641	0
3168	394	0
3169	289	0
3170	342	0
3171	234	0
3172	234	0
3173	294	0
3174	320	0
3175	261	0
3176	236	0
3177	447	0
3178	234	0
3179	311	0
3180	327	0
3181	161	0
3182	149	0
3183	193	0
3184	449	0
3185	167	0
3186	167	0
3187	155	0
3188	18	0
3189	190	0
3190	263	0
3191	176	0
3192	345	0
3193	227	0
3194	208	0
3195	340	0
3196	287	0
3197	266	0
3198	292	0
3199	740	0
3200	559	0
3201	426	0
3202	455	0
3203	0	0
3204	414	0
3205	559	0
3206	809	0
3207	548	0
3208	626	0
3209	588	0
3210	473	0
3211	0	0
3212	0	0
3213	0	0
3214	0	0
3215	0	0
3216	0	0
3217	0	0
3218	459	0
3219	0	0
3220	0	0
3221	0	0
3222	565	0
3223	1038	0
3224	441	0
3225	0	0
3226	0	0
3227	0	0
3228	0	0
3229	0	0
3230	0	0
3231	0	0
3232	0	0
3233	0	0
3234	0	0
3235	0	0
3236	0	0
3237	0	0
3238	0	0
3239	0	0
3240	0	0
3241	0	0
3242	0	0
3243	0	0
3244	0	0
3245	0	0
3246	0	0
3247	0	0
3248	0	0
3249	0	0
3250	0	0
3251	0	0
3252	0	0
3253	0	0
3254	0	0
3255	0	0
3256	0	0
3257	0	0
3258	0	0
3259	0	0
3260	0	0
3261	0	0
3262	0	0
3263	0	0
3264	0	0
3265	0	0
3266	0	0
3267	0	0
3268	0	0
3269	0	0
3270	0	0
3271	252	0
3272	307	0
3273	211	0
3274	207	0
3275	293	0
3276	293	0
3277	379	0
3278	269	0
3279	395	0
3280	356	0
3281	411	0
3282	0	0
3283	0	0
3284	329	0
3285	250	0
3286	207	0
3287	295	0
3288	246	0
3289	310	0
3290	0	0
3291	282	0
3292	273	0
3293	311	0
3294	184	0
3295	0	0
3296	233	0
3297	0	0
3298	0	0
3299	0	0
3300	0	0
3301	0	0
3302	0	0
3303	0	0
3304	0	0
3305	0	0
3306	0	0
3307	0	0
3308	0	0
3309	0	0
3310	0	0
3311	0	0
3312	0	0
3313	0	0
3314	0	0
3315	305	0
3316	282	0
3317	388	0
3318	294	0
3319	306	0
3320	272	0
3321	312	0
3322	259	0
3323	459	0
3324	444	0
3325	319	0
3326	428	0
3327	424	0
3328	466	0
3329	478	0
3330	546	0
3331	448	0
3332	331	0
3333	297	0
3334	482	0
3335	523	0
3336	454	0
3337	436	0
3338	591	0
3339	534	0
3340	450	0
3341	402	0
3342	338	0
3343	538	0
3344	367	0
3345	564	0
3346	379	0
3347	409	0
3348	413	0
3349	446	0
3350	386	0
3351	418	0
3352	417	0
3353	417	0
3354	475	0
3355	437	0
3356	383	0
3357	513	0
3358	0	0
3359	0	0
3360	0	0
3361	325	134
3362	0	0
3363	0	0
3364	0	0
3365	0	0
3366	0	0
3367	0	0
3368	0	0
3369	0	0
3370	0	0
3371	0	0
3372	0	0
3373	0	0
3374	0	0
3375	0	0
3376	0	0
3377	0	0
3378	0	0
3379	0	0
3380	0	0
3381	0	0
3382	0	0
3383	0	0
3384	336	0
3385	372	0
3386	420	0
3387	0	0
3388	0	0
3389	0	0
3390	0	0
3391	428	0
3392	502	0
3393	0	0
3394	0	0
3395	0	0
3396	0	0
3397	0	0
3398	0	0
3399	0	0
3400	0	0
3401	0	0
3402	0	0
3403	0	0
3404	0	0
3405	382	0
3406	0	0
3407	0	0
3408	0	0
3409	0	0
3410	0	0
3411	0	0
3412	0	0
3413	0	0
3414	0	0
3415	0	0
3416	0	0
3417	0	0
3418	0	0
3419	279	0
3420	0	0
3421	0	0
3422	0	0
3423	0	0
3424	0	0
3425	247	0
3426	0	0
3427	0	0
3428	0	0
3429	115	0
3430	289	0
3431	207	0
3432	260	0
3433	329	0
3434	188	0
3435	284	0
3436	271	0
3437	286	0
3438	257	0
3439	318	0
3440	253	0
3441	239	0
3442	379	0
3443	269	0
3444	426	0
3445	280	0
3446	259	0
3447	293	0
3448	368	0
3449	377	0
3450	534	0
3451	396	0
3452	434	0
3453	369	0
3454	386	0
3455	353	0
3456	358	0
3457	418	0
3458	108	0
3459	164	0
3460	228	0
3461	214	0
3462	167	0
3463	296	0
3464	207	0
3465	229	0
3466	209	0
3467	322	0
3468	401	0
3469	174	0
3470	192	0
3471	220	0
3472	248	0
3473	417	0
3474	349	0
3475	346	0
3476	342	0
3477	328	0
3478	239	0
3479	195	0
3480	280	0
3481	165	0
3482	183	0
3483	238	0
3484	282	0
3485	268	0
3486	489	0
3487	390	0
3488	347	0
3489	248	0
3490	248	0
3491	258	0
3492	247	0
3493	271	0
3494	339	0
3495	361	0
3496	0	0
3497	0	0
3498	404	0
3499	0	0
3500	0	0
3501	0	0
3502	0	0
3503	0	0
3504	0	0
3505	0	0
3506	0	0
3507	0	0
3508	0	0
3509	0	0
3510	0	0
3511	0	0
3512	0	0
3513	0	0
3514	534	0
3515	411	0
3516	0	0
3517	0	0
3518	0	0
3519	0	0
3520	0	0
3521	0	0
3522	0	0
3523	0	0
3524	0	0
3525	471	0
3526	475	0
3527	457	0
3528	402	0
3529	0	0
3530	0	0
3531	0	0
3532	0	0
3533	0	0
3534	0	0
3535	0	0
3536	0	0
3537	0	0
3538	0	0
3539	0	0
3540	0	0
3541	0	0
3542	0	0
3543	0	0
3544	0	0
3545	0	0
3546	0	0
3547	0	0
3548	0	0
3549	546	0
3550	501	0
3551	0	0
3552	348	0
3553	461	0
3554	0	0
3555	439	0
3556	439	0
3557	456	0
3558	464	0
3559	443	0
3560	408	0
3561	337	0
3562	0	0
3563	394	0
3564	458	0
3565	459	0
3566	388	0
3567	227	58
3568	0	0
3569	228	40
3570	268	34
3571	161	45
3572	197	56
3573	0	0
3574	253	68
3575	262	62
3576	277	66
3577	0	0
3578	241	68
3579	261	65
3580	195	52
3581	267	66
3582	103	60
3583	0	0
3584	0	0
3585	0	0
3586	218	56
3587	243	52
3588	267	64
3589	0	0
3590	181	75
3591	180	56
3592	218	78
3593	230	76
3594	182	44
3595	281	87
3596	206	53
3597	229	85
3598	197	86
3599	155	23
3600	210	91
3601	196	63
3602	0	0
3603	0	0
3604	250	88
3605	299	0
3606	484	0
3607	230	47
3608	251	63
3609	0	0
3610	0	0
3611	0	0
3612	0	0
3613	348	0
3614	333	0
3615	344	0
3616	296	0
3617	420	0
3618	337	0
3619	0	0
3620	372	0
3621	420	0
3622	315	0
3623	629	0
3624	468	0
3625	350	0
3626	388	0
3627	365	0
3628	681	0
3629	659	0
3630	435	0
3631	501	0
3632	430	0
3633	271	0
3634	320	0
3635	374	0
3636	329	0
3637	257	0
3638	284	0
3639	395	0
3640	509	0
3641	358	0
3642	395	0
3643	379	0
3644	466	0
3645	338	0
3646	420	0
3647	384	0
3648	291	0
3649	295	0
3650	292	0
3651	294	0
3652	294	0
3653	252	0
3654	316	0
3655	255	0
3656	164	0
3657	234	0
3658	354	0
3659	348	0
3660	384	0
3661	268	0
3662	342	0
3663	315	0
3664	417	0
3665	244	0
3666	427	0
3667	418	0
3668	363	0
3669	267	0
3670	396	0
3671	258	0
3672	370	0
3673	387	0
3674	310	0
3675	316	0
3676	299	0
3677	212	0
3678	253	0
3679	311	0
3680	191	164
3681	326	250
3682	246	228
3683	229	180
3684	194	135
3685	254	214
3686	205	37
3687	220	237
3688	174	158
3689	171	127
3690	228	35
3691	247	55
3692	325	34
3693	253	29
3694	238	27
3695	225	30
3696	335	38
3697	226	186
3698	0	0
3699	0	0
3700	0	0
3701	0	0
3702	0	0
3703	0	0
3704	0	0
3705	0	0
3706	0	0
3707	0	0
3708	0	0
3709	0	0
3710	0	0
3711	0	0
3712	0	0
3713	0	0
3714	0	0
3715	0	0
3716	0	0
3717	0	0
3718	0	0
3719	0	0
3720	0	0
3721	0	0
3722	192	0
3723	203	0
3724	280	0
3725	152	0
3726	207	0
3727	367	0
3728	206	0
3729	384	0
3730	333	0
3731	278	0
3732	0	0
3733	0	0
3734	0	0
3735	0	0
3736	0	0
3737	0	0
3738	0	0
3739	0	0
3740	0	0
3741	0	0
3742	427	0
3743	379	0
3744	460	0
3745	516	0
3746	654	0
3747	426	0
3748	0	0
3749	506	0
3750	482	0
3751	625	0
3752	376	0
3753	404	0
3754	489	0
3755	409	0
3756	496	0
3757	577	0
3758	475	0
3759	655	0
3760	505	0
3761	0	0
3762	0	0
3763	0	0
3764	0	0
3765	0	0
3766	0	0
3767	0	0
3768	0	0
3769	0	0
3770	0	0
3771	0	0
3772	0	0
3773	0	0
3774	0	0
3775	0	0
3776	0	0
3777	0	0
3778	0	0
3779	0	0
3780	0	0
3781	0	0
3782	0	0
3783	0	0
3784	0	0
3785	692	0
3786	709	0
3787	0	0
3788	559	0
3789	667	0
3790	684	0
3791	548	0
3792	0	0
3793	0	0
3794	0	0
3795	0	0
3796	0	0
3797	0	0
3798	0	0
3799	0	0
3800	0	0
3801	0	0
3802	0	0
3803	0	0
3804	0	0
3805	0	0
3806	0	0
3807	0	0
3808	575	0
3809	454	0
3810	701	0
3811	283	0
3812	408	0
3813	405	0
3814	377	0
3815	375	0
3816	222	0
3817	248	0
3818	396	0
3819	449	0
3820	447	0
3821	434	0
3822	496	0
3823	538	0
3824	499	0
3825	386	0
3826	364	0
3827	484	0
3828	363	0
3829	493	0
3830	578	0
3831	408	0
3832	471	0
3833	435	0
3834	455	0
3835	484	0
3836	461	0
3837	541	0
3838	517	0
3839	452	0
3840	0	0
3841	0	0
3842	0	0
3843	0	0
3844	0	0
3845	0	0
3846	0	0
3847	0	0
3848	0	0
3849	0	0
3850	0	0
3851	0	0
3852	0	0
3853	0	0
3854	0	0
3855	0	0
3856	0	0
3857	0	0
3858	0	0
3859	0	0
3860	0	0
3861	226	65
3862	210	56
3863	0	0
3864	220	69
3865	0	0
3866	385	205
3867	275	108
3868	209	87
3869	0	0
3870	0	0
3871	257	39
3872	299	29
3873	292	23
3874	255	32
3875	246	37
3876	0	0
3877	0	0
3878	325	40
3879	204	33
3880	192	54
3881	221	41
3882	207	91
3883	261	44
3884	239	42
3885	274	34
3886	208	48
3887	164	18
3888	232	28
3889	188	35
3890	164	32
3891	209	29
3892	244	49
3893	222	51
3894	208	43
3895	0	0
3896	0	0
3897	0	0
3898	0	0
3899	0	0
3900	0	0
3901	0	0
3902	0	0
3903	0	0
3904	0	0
3905	0	0
3906	0	0
3907	0	0
3908	0	0
3909	0	0
3910	0	0
3911	0	0
3912	0	0
3913	0	0
3914	0	0
3915	0	0
3916	0	0
3917	0	0
3918	0	0
3919	0	0
3920	0	0
3921	0	0
3922	240	57
3923	338	90
3924	227	92
3925	249	102
3926	222	59
3927	326	190
3928	158	98
3929	432	182
3930	0	0
3931	0	0
3932	206	57
3933	224	85
3934	190	83
3935	212	81
3936	280	98
3937	211	43
3938	183	90
3939	242	101
3940	0	0
3941	0	0
3942	224	68
3943	291	109
3944	252	105
3945	299	133
3946	199	158
3947	223	91
3948	279	112
3949	351	58
3950	267	74
3951	309	134
3952	373	147
3953	459	129
3954	241	112
3955	210	148
3956	258	89
3957	242	82
3958	250	172
3959	385	238
3960	0	0
3961	0	0
3962	250	62
3963	337	149
3964	212	41
3965	228	149
3966	205	121
3967	260	155
3968	233	78
3969	271	179
3970	256	172
3971	207	136
3972	209	101
3973	288	162
3974	356	191
3975	390	147
3976	481	48
3977	238	161
3978	352	117
3979	282	164
3980	328	88
3981	296	131
3982	243	184
3983	510	164
3984	343	78
3985	221	103
3986	214	93
3987	226	131
3988	284	138
3989	274	273
3990	0	0
3991	0	0
3992	195	143
3993	0	0
3994	206	91
3995	206	108
3996	233	135
3997	268	185
3998	209	103
3999	134	98
4000	217	84
4001	212	79
4002	340	114
4003	177	157
4004	166	59
4005	141	111
4006	215	189
4007	206	183
4008	375	230
4009	433	234
4010	339	188
4011	162	140
4012	442	286
4013	251	266
4014	279	132
4015	340	310
4016	271	269
4017	273	208
4018	286	147
4019	187	151
4020	187	167
4021	293	337
4022	198	189
4023	245	202
4024	242	177
4025	290	220
4026	248	201
4027	347	265
4028	190	139
4029	248	206
4030	271	181
4031	253	159
4032	217	212
4033	302	140
4034	281	214
4035	233	208
4036	295	203
4037	311	267
4038	357	235
4039	202	148
4040	222	137
4041	144	152
4042	0	0
4043	0	0
4044	0	0
4045	0	0
4046	0	0
4047	0	0
4048	0	0
4049	0	0
4050	0	0
4051	0	0
4052	0	0
4053	0	0
4054	0	0
4055	0	0
4056	286	0
4057	340	0
4058	274	0
4059	0	0
4060	0	0
4061	0	0
4062	0	0
4063	596	0
4064	295	0
4065	0	0
4066	0	0
4067	0	0
4068	0	0
4069	0	0
4070	485	0
4071	268	0
4072	323	0
4073	291	0
4074	253	0
4075	210	0
4076	228	0
4077	309	0
4078	396	0
4079	491	0
4080	398	0
4081	341	0
4082	459	0
4083	392	0
4084	430	0
4085	312	0
4086	325	0
4087	375	0
4088	374	0
4089	357	0
4090	397	0
4091	366	0
4092	423	0
4093	442	0
4094	385	0
4095	326	0
4096	430	0
4097	501	0
4098	376	0
4099	413	0
4100	307	0
4101	386	0
4102	372	0
4103	0	0
4104	0	0
4105	0	0
4106	0	0
4107	0	0
4108	0	0
4109	0	0
4110	0	0
4111	0	0
4112	0	0
4113	0	0
4114	0	0
4115	0	0
4116	0	0
4117	0	0
4118	0	0
4119	0	0
4120	0	0
4121	0	0
4122	0	0
4123	0	0
4124	0	0
4125	0	0
4126	0	0
4127	0	0
4128	0	0
4129	0	0
4130	0	0
4131	0	0
4132	0	0
4133	0	0
4134	0	0
4135	0	0
4136	0	0
4137	0	0
4138	0	0
4139	0	0
4140	0	0
4141	0	0
4142	0	0
4143	293	260
4144	352	251
4145	307	197
4146	167	36
4147	243	180
4148	597	241
4149	406	170
4150	403	270
4151	211	80
4152	212	115
4153	322	101
4154	317	155
4155	416	231
4156	290	233
4157	296	56
4158	220	28
4159	213	77
4160	253	34
4161	354	93
4162	227	110
4163	230	125
4164	277	131
4165	268	121
4166	154	127
4167	212	171
4168	177	133
4169	278	161
4170	163	109
4171	176	126
4172	216	149
4173	483	237
4174	174	167
4175	395	121
4176	219	167
4177	171	121
4178	253	153
4179	220	184
4180	315	182
4181	199	92
4182	250	169
4183	227	168
4184	257	154
4185	254	142
4186	228	108
4187	215	198
4188	241	164
4189	253	143
4190	416	215
4191	303	205
4192	298	159
4193	221	157
4194	148	160
4195	225	203
4196	252	146
4197	219	188
4198	291	245
4199	186	166
4200	246	199
4201	305	253
4202	152	147
4203	0	0
4204	0	0
4205	0	0
4206	0	0
4207	0	0
4208	0	0
4209	0	0
4210	0	0
4211	0	0
4212	0	0
4213	0	0
4214	0	0
4215	0	0
4216	0	0
4217	0	0
4218	510	0
4219	531	0
4220	498	0
4221	630	0
4222	692	0
4223	393	0
4224	340	0
4225	459	0
4226	488	0
4227	576	0
4228	653	0
4229	402	0
4230	625	0
4231	618	0
4232	662	0
4233	523	0
4234	594	0
4235	467	0
4236	408	0
4237	568	0
4238	0	0
4239	0	0
4240	0	0
4241	0	0
4242	0	0
4243	0	0
4244	0	0
4245	0	0
4246	0	0
4247	0	0
4248	0	0
4249	207	0
4250	510	0
4251	831	0
4252	728	0
4253	718	0
4254	637	0
4255	0	0
4256	0	0
4257	0	0
4258	0	0
4259	291	1240
4260	298	953
4261	137	476
4262	128	537
4263	252	709
4264	327	1145
4265	953	528
4266	402	263
4267	501	242
4268	0	0
4269	387	411
4270	586	426
4271	467	196
4272	216	310
4273	401	51
4274	421	113
4275	307	198
4276	481	345
4277	374	360
4278	739	547
4279	374	471
4280	308	414
4281	500	378
4282	302	614
4283	201	1002
4284	314	922
4285	327	1306
4286	0	0
4287	0	0
4288	0	0
4289	0	0
4290	0	0
4291	0	0
4292	0	0
4293	0	0
4294	0	0
4295	0	0
4296	0	0
4297	0	0
4298	0	0
4299	0	0
4300	0	0
4301	0	0
4302	193	859
4303	406	758
4304	316	731
4305	613	1000
4306	0	0
4307	517	154
4308	393	57
4309	358	56
4310	373	757
4311	569	1870
4312	565	333
4313	341	469
4314	325	619
4315	424	549
4316	0	0
4317	246	740
4318	454	812
4319	506	450
4320	373	509
4321	499	521
4322	351	361
4323	328	516
4324	404	567
4325	419	727
4326	456	634
4327	391	492
4328	270	438
4329	1176	353
4330	162	133
4331	500	213
4332	284	221
4333	129	82
4334	444	203
4335	145	81
4336	345	456
4337	371	295
4338	508	194
4339	210	243
4340	431	207
4341	516	843
4342	0	0
4343	0	0
4344	0	0
4345	0	0
4346	0	0
4347	0	0
4348	0	0
4349	272	345
4350	631	847
4351	589	694
4352	663	1041
4353	1031	1660
4354	193	626
4355	131	620
4356	275	957
4357	0	0
4358	0	0
4359	0	0
4360	0	0
4361	0	0
4362	0	0
4363	188	723
4364	541	1751
4365	540	1375
4366	344	1193
4367	286	987
4368	380	355
4369	0	0
4370	0	0
4371	0	0
4372	0	0
4373	0	0
4374	0	0
4375	0	0
4376	0	0
4377	0	0
4378	0	0
4379	0	0
4380	0	0
4381	0	0
4382	0	0
4383	0	0
4384	0	0
4385	243	726
4386	0	0
4387	0	0
4388	404	997
4389	356	1290
4390	260	908
4391	132	263
4392	233	907
4393	0	0
4394	192	836
4395	0	0
4396	362	898
4397	301	940
4398	244	608
4399	233	541
4400	0	0
4401	0	0
4402	0	0
4403	0	0
4404	0	0
4405	355	713
4406	213	629
4407	325	487
4408	423	707
4409	0	0
4410	0	0
4411	0	0
4412	0	0
4413	0	0
4414	0	0
4415	0	0
4416	0	0
4417	0	0
4418	0	0
4419	0	0
4420	0	0
4421	0	0
4422	0	0
4423	0	0
4424	0	0
4425	0	0
4426	0	0
4427	0	0
4428	0	0
4429	0	0
4430	0	0
4431	542	1231
4432	469	986
4433	413	802
4434	497	532
4435	0	0
4436	338	818
4437	0	0
4438	0	0
4439	0	0
4440	0	0
4441	0	0
4442	0	0
4443	0	0
4444	0	0
4445	0	0
4446	0	0
4447	0	0
4448	0	0
4449	0	0
4450	0	0
4451	0	0
4452	0	0
4453	0	0
4454	0	0
4455	0	0
4456	0	0
4457	0	0
4458	205	456
4459	366	517
4460	0	0
4461	0	0
4462	0	0
4463	0	0
4464	0	0
4465	0	0
4466	415	183
4467	283	97
4468	280	85
4469	474	142
4470	401	175
4471	415	155
4472	525	185
4473	441	97
4474	995	120
4475	0	0
4476	392	91
4477	320	98
4478	295	84
4479	326	122
4480	328	106
4481	403	176
4482	555	254
4483	495	186
4484	315	112
4485	243	53
4486	380	37
4487	306	129
4488	419	311
4489	511	134
4490	0	0
4491	0	0
4492	0	0
4493	0	0
4494	0	0
4495	0	0
4496	0	0
4497	0	0
4498	0	0
4499	0	0
4500	0	0
4501	0	0
4502	0	0
4503	0	0
4504	0	0
4505	0	0
4506	0	0
4507	0	0
4508	0	0
4509	0	980
4510	0	306
4511	0	0
4512	0	0
4513	0	0
4514	0	0
4515	0	0
4516	0	0
4517	0	0
4518	0	0
4519	0	0
4520	0	0
4521	0	0
4522	0	0
4523	0	0
4524	0	0
4525	0	0
4526	0	1287
4527	0	747
4528	0	272
4529	0	0
4530	0	0
4531	0	0
4532	0	0
4533	0	0
4534	0	0
4535	0	0
4536	0	0
4537	0	0
4538	0	0
4539	0	0
4540	0	0
4541	0	0
4542	0	0
4543	0	0
4544	0	0
4545	0	0
4546	0	0
4547	0	0
4548	0	0
4549	0	0
4550	0	0
4551	0	0
4552	0	0
4553	0	0
4554	0	0
4555	0	0
4556	0	0
4557	0	905
4558	0	1064
4559	0	818
4560	0	1058
4561	0	701
4562	0	0
4563	0	0
4564	0	0
4565	0	0
4566	0	0
4567	0	0
4568	0	0
4569	0	0
4570	0	0
4571	0	0
4572	0	0
4573	0	702
4574	0	786
4575	0	0
4576	0	0
4577	0	0
4578	0	0
4579	0	0
4580	0	0
4581	0	0
4582	0	0
4583	0	0
4584	0	0
4585	0	0
4586	0	0
4587	0	0
4588	0	935
4589	0	913
4590	0	1096
4591	0	546
4592	0	978
4593	0	956
4594	0	1014
4595	0	660
4596	0	884
4597	0	631
4598	0	1009
4599	0	734
4600	0	0
4601	0	0
4602	0	0
4603	0	815
4604	0	852
4605	0	804
4606	0	876
4607	0	863
4608	0	805
4609	0	561
4610	0	0
4611	0	0
4612	0	832
4613	0	661
4614	0	0
4615	0	592
4616	0	0
4617	0	0
4618	0	0
4619	0	1323
4620	0	1105
4621	0	863
4622	0	717
4623	0	0
4624	0	0
4625	0	742
4626	0	937
4627	0	612
4628	0	0
4629	0	0
4630	0	0
4631	0	723
4632	0	0
4633	0	0
4634	0	0
4635	0	0
4636	0	0
4637	0	0
4638	0	0
4639	0	0
4640	0	0
4641	0	0
4642	0	801
4643	0	1039
4644	0	0
4645	0	0
4646	0	0
4647	0	754
4648	0	842
4649	0	0
4650	0	0
4651	0	0
4652	0	0
4653	0	0
4654	0	0
4655	0	0
4656	0	0
4657	0	0
4658	0	0
4659	0	0
4660	0	0
4661	0	0
4662	0	0
4663	0	0
4664	0	0
4665	0	0
4666	0	0
4667	0	0
4668	0	0
4669	0	0
4670	0	0
4671	0	0
4672	0	72
4673	0	590
4674	0	0
4675	0	0
4676	0	0
4677	0	0
4678	0	912
4679	0	0
4680	0	0
4681	0	0
4682	0	0
4683	0	0
4684	0	0
4685	0	0
4686	0	0
4687	0	0
4688	0	0
4689	0	0
4690	0	0
4691	0	0
4692	0	0
4693	0	0
4694	0	0
4695	0	0
4696	0	0
4697	0	0
4698	0	0
4699	0	0
4700	0	0
4701	0	0
4702	0	0
4703	0	0
4704	0	0
4705	0	0
4706	0	0
4707	0	0
4708	0	0
4709	0	0
4710	0	0
4711	0	0
4712	0	0
4713	0	0
4714	0	0
4715	0	0
4716	0	0
4717	0	0
4718	0	0
4719	0	0
4720	0	0
4721	0	0
4722	0	0
4723	0	0
4724	0	0
4725	0	0
4726	0	0
4727	0	0
4728	0	0
4729	0	0
4730	0	0
4731	510	0
4732	494	0
4733	0	0
4734	0	0
4735	667	0
4736	0	0
4737	0	0
4738	0	0
4739	0	0
4740	0	0
4741	0	0
4742	0	0
4743	0	0
4744	0	0
4745	0	0
4746	0	0
4747	0	0
4748	0	0
4749	0	0
4750	0	0
4751	0	0
4752	0	0
4753	0	0
4754	0	0
4755	0	0
4756	0	0
4757	0	0
4758	0	0
4759	0	0
4760	0	0
4761	0	0
4762	0	0
4763	0	0
4764	0	0
4765	0	0
4766	0	0
4767	0	0
4768	0	0
4769	0	0
4770	0	0
4771	0	0
4772	0	0
4773	0	0
4774	0	0
4775	0	0
4776	0	0
4777	0	0
4778	0	0
4779	0	0
4780	0	0
4781	0	0
4782	0	0
4783	0	0
4784	0	0
4785	0	0
4786	0	0
4787	0	0
4788	0	0
4789	385	394
4790	0	0
4791	0	0
4792	0	0
4793	0	0
4794	0	0
4795	0	0
4796	486	493
4797	988	846
4798	0	0
4799	0	0
4800	0	0
4801	597	165
4802	604	223
4803	1045	290
4804	843	395
4805	815	302
4806	792	214
4807	643	205
4808	704	208
4809	361	345
4810	566	427
4811	621	442
4812	632	222
4813	425	294
4814	936	304
4815	345	360
4816	889	0
4817	466	330
4818	162	0
4819	720	0
4820	748	0
4821	515	384
4822	411	313
4823	525	103
4824	788	178
4825	793	143
4826	543	77
4827	583	165
4828	574	224
4829	836	339
4830	645	219
4831	631	180
4832	455	154
4833	0	0
4834	0	0
4835	0	0
4836	0	0
4837	0	0
4838	718	0
4839	499	0
4840	574	225
4841	473	149
4842	454	327
4843	512	359
4844	901	580
4845	714	191
4846	650	181
4847	442	100
4848	620	146
4849	663	140
4850	655	153
4851	607	182
4852	412	118
4853	559	216
4854	609	217
4855	741	183
4856	582	363
4857	196	93
4858	414	327
4859	0	0
4860	733	185
4861	0	0
4862	0	0
4863	0	0
4864	0	0
4865	0	0
4866	0	0
4867	0	0
4868	0	0
4869	0	0
4870	0	0
4871	0	0
4872	0	0
4873	0	0
4874	0	0
4875	0	0
4876	0	0
4877	0	0
4878	0	0
4879	0	0
4880	0	0
4881	0	0
4882	0	0
4883	0	0
4884	0	0
4885	563	0
4886	0	0
4887	0	0
4888	0	0
4889	0	0
4890	0	0
4891	0	0
4892	0	0
4893	0	0
4894	0	0
4895	0	0
4896	0	0
4897	0	0
4898	0	0
4899	0	0
4900	0	0
4901	0	0
4902	0	0
4903	0	0
4904	0	0
4905	0	0
4906	0	0
4907	0	0
4908	0	0
4909	0	0
4910	0	0
4911	0	0
4912	0	0
4913	0	0
4914	0	0
4915	0	0
4916	0	0
4917	0	0
4918	0	0
4919	0	0
4920	0	0
4921	674	100
4922	594	124
4923	0	0
4924	639	185
4925	0	0
4926	600	213
4927	405	399
4928	620	351
4929	971	240
4930	454	59
4931	640	52
4932	742	37
4933	842	198
4934	0	0
4935	0	0
4936	0	0
4937	716	448
4938	790	193
4939	897	167
4940	830	265
4941	548	464
4942	743	480
4943	0	0
4944	0	0
4945	637	0
4946	0	0
4947	0	0
4948	0	0
4949	0	0
4950	0	0
4951	0	0
4952	419	391
4953	329	332
4954	595	262
4955	402	290
4956	777	537
4957	390	223
4958	287	298
4959	592	496
4960	0	0
4961	0	0
4962	0	0
4963	455	452
4964	515	240
4965	395	0
4966	555	0
4967	0	0
4968	0	0
4969	0	0
4970	0	0
4971	0	0
4972	0	0
4973	0	0
4974	0	0
4975	0	0
4976	0	0
4977	0	0
4978	0	0
4979	0	0
4980	0	0
4981	0	0
4982	0	0
4983	0	0
4984	0	0
4985	0	0
4986	520	0
4987	490	332
4988	0	0
4989	498	0
4990	477	0
4991	459	0
4992	0	0
4993	0	0
4994	462	0
4995	702	0
4996	988	0
4997	379	0
4998	504	0
4999	0	0
5000	429	0
5001	493	0
5002	0	0
5003	0	0
5004	0	0
5005	0	0
5006	0	0
5007	0	0
5008	0	0
5009	526	0
5010	0	0
5011	0	0
5012	0	0
5013	0	0
5014	0	0
5015	355	0
5016	0	0
5017	0	0
5018	0	0
5019	0	0
5020	0	0
5021	0	0
5022	0	0
5023	0	0
5024	0	0
5025	0	0
5026	0	0
5027	0	0
5028	0	0
5029	0	0
5030	521	291
5031	383	256
5032	861	558
5033	895	538
5034	513	257
5035	840	495
5036	358	148
5037	973	535
5038	614	278
5039	300	182
5040	967	720
5041	385	185
5042	245	138
5043	260	123
5044	573	261
5045	0	0
5046	0	0
5047	0	0
5048	0	0
5049	0	0
5050	0	0
5051	0	0
5052	0	0
5053	0	0
5054	0	0
5055	0	0
5056	0	0
5057	0	0
5058	0	0
5059	0	0
5060	0	0
5061	0	0
5062	662	0
5063	0	0
5064	0	0
5065	454	470
5066	0	0
5067	0	0
5068	572	456
5069	0	0
5070	614	692
5071	470	385
5072	758	0
5073	371	0
5074	1147	0
5075	864	0
5076	824	0
5077	413	0
5078	415	0
5079	594	354
5080	588	375
5081	492	385
5082	413	406
5083	328	349
5084	0	0
5085	0	0
5086	0	0
5087	0	0
5088	0	0
5089	0	0
5090	0	0
5091	0	0
5092	0	0
5093	0	0
5094	0	0
5095	0	0
5096	0	0
5097	0	0
5098	0	0
5099	0	0
5100	0	0
5101	539	0
5102	440	291
5103	528	273
5104	0	0
5105	327	438
5106	0	0
5107	0	0
5108	0	0
5109	0	0
5110	0	0
5111	0	0
5112	0	0
5113	365	556
5114	0	0
5115	0	0
5116	0	0
5117	0	0
5118	0	367
5119	0	0
5120	0	0
5121	0	0
5122	0	0
5123	408	0
5124	0	339
5125	0	0
5126	0	0
5127	0	0
5128	0	438
5129	109	265
5130	62	121
5131	168	553
5132	0	518
5133	40	98
5134	508	620
5135	0	0
5136	0	1217
5137	0	0
5138	0	0
5139	0	1272
5140	0	724
5141	0	0
5142	159	627
5143	0	142
5144	0	0
5145	203	720
5146	0	0
5147	0	0
5148	148	333
5149	0	0
5150	0	0
5151	0	263
5152	0	330
5153	0	0
5154	0	54
5155	0	0
5156	45	152
5157	53	86
5158	0	0
5159	41	128
5160	0	260
5161	0	0
5162	0	342
5163	0	0
5164	0	0
5165	0	0
5166	0	294
5167	0	0
5168	0	0
5169	453	833
5170	0	0
5171	0	0
5172	0	0
5173	0	727
5174	0	0
5175	0	0
5176	0	0
5177	0	0
5178	0	0
5179	496	821
5180	0	0
5181	0	0
5182	0	0
5183	0	0
5184	0	0
5185	0	0
5186	0	0
5187	0	0
5188	271	272
5189	0	0
5190	0	0
5191	0	0
5192	0	0
5193	0	0
5194	0	0
5195	0	0
5196	0	0
5197	318	363
5198	0	0
5199	0	0
5200	0	0
5201	0	0
5202	0	536
5203	0	0
5204	0	0
5205	0	0
5206	312	341
5207	0	0
5208	0	0
5209	0	3223
5210	0	532
5211	0	746
5212	0	0
5213	0	267
5214	0	1059
5215	0	0
5216	0	0
5217	0	0
5218	0	0
5219	0	0
5220	0	0
5221	0	0
5222	0	0
5223	0	233
5224	349	793
5225	0	0
5226	0	0
5227	0	0
5228	0	0
5229	0	0
5230	0	0
5231	0	0
5232	0	422
5233	78	170
5234	0	0
5235	0	0
5236	0	0
5237	0	0
5238	0	0
5239	0	0
5240	0	0
5241	0	0
5242	0	0
5243	0	421
5244	20	122
5245	0	322
5246	0	0
5247	0	355
5248	0	0
5249	0	0
5250	0	63
5251	251	424
5252	0	0
5253	0	0
5254	0	0
5255	0	119
5256	0	0
5257	43	67
5258	49	236
5259	0	0
5260	0	552
5261	0	0
5262	0	217
5263	0	0
5264	14	36
5265	0	491
5266	0	0
5267	0	0
5268	0	0
5269	0	0
5270	0	66
5271	0	385
5272	198	372
5273	273	931
5274	0	0
5275	40	129
5276	0	0
5277	0	418
5278	20	90
5279	0	0
5280	38	115
5281	0	0
5282	0	958
5283	290	409
5284	535	2521
5285	0	463
5286	0	0
5287	0	215
5288	0	0
5289	0	0
5290	0	0
5291	609	810
5292	0	0
5293	0	0
5294	0	0
5295	0	0
5296	0	0
5297	405	0
5298	0	0
5299	0	929
5300	0	327
5301	0	0
5302	123	425
5303	102	329
5304	0	280
5305	124	338
5306	0	413
5307	586	776
5308	0	0
5309	89	371
5310	0	0
5311	0	766
5312	0	0
5313	0	449
5314	80	370
5315	0	0
5316	0	0
5317	0	539
5318	0	0
5319	0	295
5320	3	6
5321	120	683
5322	0	0
5323	0	0
5324	0	491
5325	0	460
5326	0	0
5327	0	501
5328	0	135
5329	47	189
5330	123	494
5331	0	0
5332	0	0
5333	227	476
5334	0	0
5335	0	428
5336	0	459
5337	0	0
5338	0	0
5339	0	222
5340	0	0
5341	0	0
5342	0	0
5343	577	735
5344	0	0
5345	0	0
5346	0	0
5347	0	122
5348	0	0
5349	0	0
5350	0	0
5351	554	952
5352	0	0
5353	0	0
5354	0	0
5355	0	130
5356	0	0
5357	0	0
5358	484	573
5359	0	0
5360	0	0
5361	0	0
5362	0	0
5363	0	0
5364	337	315
5365	0	0
5366	0	0
5367	0	0
5368	0	254
5369	0	0
5370	0	0
5371	0	0
5372	611	972
5373	0	0
5374	0	0
5375	0	0
5376	0	685
5377	0	562
5378	0	0
5379	0	0
5380	0	0
5381	485	494
5382	0	0
5383	0	0
5384	0	0
5385	0	397
5386	0	0
5387	0	0
5388	590	643
5389	0	0
5390	0	0
5391	0	503
5392	0	0
5393	0	0
5394	0	0
5395	340	400
5396	0	0
5397	0	0
5398	0	0
5399	0	525
5400	0	0
5401	0	783
5402	0	0
5403	377	521
5404	0	0
5405	0	0
5406	0	409
5407	0	0
5408	0	0
5409	0	0
5410	365	426
5411	0	410
5412	0	0
5413	0	0
5414	0	0
5415	0	0
5416	0	0
5417	0	0
5418	372	750
5419	0	0
5420	34	95
5421	0	40
5422	31	48
5423	0	470
5424	248	81
5425	0	340
5426	34	199
5427	0	0
5428	28	115
5429	0	680
5430	0	0
5431	0	402
5432	0	0
5433	17	75
5434	0	0
5435	0	0
5436	303	1133
5437	0	0
5438	0	1037
5439	0	0
5440	0	140
5441	0	0
5442	214	341
5443	0	375
5444	43	287
5445	0	0
5446	0	117
5447	309	623
5448	0	0
5449	0	0
5450	23	60
5451	0	207
5452	0	136
5453	0	0
5454	0	0
5455	0	0
5456	0	0
5457	0	0
5458	0	0
5459	0	0
5460	544	626
5461	0	238
5462	0	0
5463	0	0
5464	0	0
5465	0	0
5466	0	0
5467	408	429
5468	0	166
5469	0	0
5470	0	0
5471	0	0
5472	0	0
5473	0	0
5474	288	338
5475	0	282
5476	0	0
5477	0	0
5478	0	0
5479	0	0
5480	0	0
5481	399	459
5482	0	552
5483	0	0
5484	0	0
5485	0	0
5486	0	0
5487	0	0
5488	0	0
5489	472	626
5490	0	128
5491	0	0
5492	0	0
5493	0	0
5494	0	749
5495	0	406
5496	594	0
5497	0	0
5498	551	677
5499	0	1416
5500	0	0
5501	0	0
5502	0	0
5503	770	0
5504	0	0
5505	332	419
5506	0	1020
5507	0	0
5508	0	0
5509	0	0
5510	0	0
5511	441	0
5512	0	0
5513	481	675
5514	0	839
5515	0	0
5516	0	0
5517	0	0
5518	322	0
5519	0	0
5520	572	709
5521	0	513
5522	0	0
5523	0	0
5524	0	0
5525	0	0
5526	254	0
5527	0	0
5528	712	855
5529	0	700
5530	0	0
5531	0	0
5532	0	0
5533	0	0
5534	752	1049
5535	0	0
5536	156	223
5537	0	0
5538	0	0
5539	0	0
5540	0	431
5541	79	284
5542	190	362
5543	0	1006
5544	0	961
5545	0	746
5546	927	549
5547	0	455
5548	60	171
5549	0	0
5550	33	131
5551	110	390
5552	0	743
5553	0	720
5554	0	0
5555	0	0
5556	0	0
5557	0	0
5558	0	21
5559	128	505
5560	0	1243
5561	0	0
5562	0	0
5563	0	46
5564	31	150
5565	0	0
5566	38	363
5567	0	0
5568	0	507
5569	0	0
5570	0	0
5571	0	204
5572	0	0
5573	0	217
5574	125	405
5575	0	0
5576	0	907
5577	0	0
5578	0	0
5579	0	980
5580	0	0
5581	0	0
5582	486	0
5583	0	0
5584	0	605
5585	0	0
5586	0	0
5587	0	0
5588	1035	1249
5589	0	0
5590	241	0
5591	0	0
5592	451	998
5593	0	177
5594	0	0
5595	0	0
5596	0	0
5597	0	0
5598	347	0
5599	0	0
5600	560	1183
5601	0	586
5602	0	0
5603	0	0
5604	392	0
5605	0	0
5606	352	533
5607	0	749
5608	0	0
5609	0	0
5610	0	0
5611	0	0
5612	204	443
5613	335	541
5614	0	752
5615	0	0
5616	0	0
5617	0	383
5618	0	0
5619	0	0
5620	62	177
5621	0	694
5622	54	145
5623	0	0
5624	0	0
5625	0	0
5626	0	0
5627	0	0
5628	0	642
5629	0	0
5630	446	979
5631	0	0
5632	0	0
5633	0	0
5634	0	305
5635	0	0
5636	740	1178
5637	0	0
5638	0	0
5639	0	0
5640	0	0
5641	0	0
5642	0	0
5643	0	263
5644	677	1085
5645	0	0
5646	0	0
5647	0	0
5648	0	0
5649	0	0
5650	0	0
5651	0	498
5652	0	0
5653	0	0
5654	0	0
5655	0	0
5656	0	0
5657	172	453
5658	0	0
5659	0	0
5660	0	533
5661	256	599
5662	0	825
5663	0	510
5664	766	836
5665	35	360
5666	0	672
5667	122	206
5668	0	0
5669	0	923
5670	0	698
5671	29	207
5672	233	899
5673	0	245
5674	0	198
5675	0	0
5676	0	0
5677	0	393
5678	0	0
5679	0	950
5680	124	400
5681	0	0
5682	106	374
5683	38	304
5684	0	591
5685	0	0
5686	0	0
5687	101	221
5688	0	0
5689	0	112
5690	0	0
5691	0	507
5692	134	266
5693	0	0
5694	0	797
5695	0	0
5696	0	56
5697	0	0
5698	0	0
5699	0	0
5700	0	0
5701	0	736
5702	0	0
5703	0	0
5704	0	0
5705	0	0
5706	0	0
5707	0	0
5708	0	0
5709	0	600
5710	0	0
5711	0	0
5712	0	0
5713	0	0
5714	0	0
5715	0	0
5716	0	0
5717	0	0
5718	0	391
5719	0	0
5720	304	824
5721	0	0
5722	0	0
5723	0	0
5724	0	0
5725	0	0
5726	0	0
5727	0	791
5728	0	0
5729	0	0
5730	0	0
5731	0	0
5732	0	0
5733	111	572
5734	0	0
5735	0	0
5736	0	0
5737	0	198
5738	0	0
5739	0	0
5740	0	0
5741	0	0
5742	0	269
5743	0	0
5744	0	0
5745	0	0
5746	0	316
5747	0	0
5748	0	0
5749	0	0
5750	0	231
5751	0	0
5752	0	0
5753	0	0
5754	0	70
5755	0	0
5756	0	0
5757	78	163
5758	0	0
5759	0	0
5760	0	0
5761	0	819
5762	0	889
5763	0	1290
5764	0	746
5765	253	410
5766	0	429
5767	0	0
5768	20	76
5769	37	105
5770	0	623
5771	0	253
5772	161	573
5773	192	424
5774	0	144
5775	0	0
5776	0	0
5777	0	395
5778	0	0
5779	9	11
5780	0	0
5781	21	148
5782	0	0
5783	0	0
5784	207	736
5785	0	0
5786	70	160
5787	0	0
5788	0	0
5789	0	433
5790	0	136
5791	0	505
5792	435	748
5793	0	963
5794	0	0
5795	0	144
5796	0	0
5797	0	257
5798	0	0
5799	0	0
5800	0	0
5801	0	1188
5802	291	358
5803	0	0
5804	0	0
5805	0	0
5806	0	0
5807	0	0
5808	291	336
5809	0	0
5810	0	0
5811	0	0
5812	0	0
5813	0	572
5814	0	0
5815	0	0
5816	0	0
5817	0	0
5818	0	0
5819	0	0
5820	0	455
5821	0	307
5822	128	417
5823	744	1908
5824	0	0
5825	0	0
5826	0	0
5827	0	403
5828	0	0
5829	0	0
5830	0	0
5831	0	0
5832	0	0
5833	0	0
5834	0	0
5835	0	0
5836	0	0
5837	0	0
5838	0	0
5839	0	0
5840	0	0
5841	0	0
5842	0	0
5843	69	117
5844	0	0
5845	0	0
5846	0	0
5847	0	870
5848	0	679
5849	0	943
5850	307	496
5851	0	0
5852	512	1554
5853	722	2116
5854	99	474
5855	65	219
5856	0	228
5857	125	314
5858	0	0
5859	0	482
5860	62	248
5861	0	0
5862	0	0
5863	0	215
5864	0	0
5865	0	1188
5866	0	117
5867	38	199
5868	0	0
5869	0	0
5870	23	51
5871	0	0
5872	90	151
5873	0	0
5874	316	640
5875	0	0
5876	0	0
5877	0	618
5878	0	551
5879	101	332
5880	0	0
5881	0	0
5882	0	0
5883	0	0
5884	0	0
5885	0	0
5886	0	0
5887	0	0
5888	0	0
5889	0	0
5890	0	0
5891	0	0
5892	0	0
5893	0	0
5894	0	0
5895	479	978
5896	0	0
5897	0	0
5898	0	372
5899	0	467
5900	0	0
5901	423	689
5902	0	0
5903	0	0
5904	354	804
5905	0	0
5906	0	0
5907	762	1769
5908	0	0
5909	858	1656
5910	0	0
5911	436	1001
5912	0	0
5913	0	0
5914	0	0
5915	0	0
5916	0	0
5917	0	0
5918	0	416
5919	0	0
5920	141	414
5921	241	343
5922	0	0
5923	0	0
5924	137	584
5925	431	1411
5926	139	544
5927	108	553
5928	0	273
5929	0	0
5930	0	0
5931	0	76
5932	0	941
5933	0	0
5934	0	0
5935	67	236
5936	45	228
5937	0	339
5938	0	0
5939	0	0
5940	0	388
5941	88	322
5942	0	370
5943	57	137
5944	22	137
5945	0	0
5946	0	0
5947	13	65
5948	0	0
5949	0	498
5950	0	762
5951	108	272
5952	0	0
5953	0	671
5954	0	0
5955	0	0
5956	510	1072
5957	0	0
5958	0	0
5959	0	0
5960	0	0
5961	0	0
5962	0	0
5963	0	0
5964	0	0
5965	0	426
5966	145	0
5967	0	540
5968	250	0
5969	0	0
5970	0	0
5971	0	459
5972	444	1092
5973	0	80
5974	267	0
5975	0	0
5976	0	0
5977	0	0
5978	256	0
5979	0	0
5980	0	0
5981	0	0
5982	311	0
5983	0	0
5984	0	0
5985	209	0
5986	0	0
5987	0	0
5988	536	0
5989	0	0
5990	0	0
5991	0	0
5992	0	0
5993	0	0
5994	0	733
5995	0	533
5996	0	0
5997	177	273
5998	224	331
5999	0	773
6000	0	0
6001	199	559
6002	300	626
6003	22	118
6004	0	0
6005	0	0
6006	76	331
6007	0	881
6008	0	0
6009	0	0
6010	39	154
6011	0	0
6012	0	180
6013	18	51
6014	0	303
6015	0	432
6016	0	0
6017	0	309
6018	121	357
6019	0	0
6020	0	0
6021	0	0
6022	170	207
6023	0	0
6024	0	621
6025	0	0
6026	12	36
6027	0	0
6028	15	105
6029	0	395
6030	0	0
6031	0	0
6032	337	0
6033	0	0
6034	0	1167
6035	0	0
6036	467	0
6037	0	0
6038	0	0
6039	280	0
6040	0	0
6041	0	0
6042	178	0
6043	0	0
6044	0	0
6045	154	237
6046	200	0
6047	0	0
6048	0	0
6049	0	338
6050	350	726
6051	303	0
6052	0	0
6053	0	0
6054	0	0
6055	324	689
6056	322	0
6057	0	0
6058	0	0
6059	0	0
6060	449	641
6061	0	0
6062	0	0
6063	0	0
6064	0	0
6065	0	0
6066	0	0
6067	0	0
6068	0	0
6069	0	0
6070	0	0
6071	0	0
6072	0	0
6073	0	1430
6074	362	481
6075	60	134
6076	0	0
6077	0	0
6078	0	0
6079	662	746
6080	0	0
6081	0	0
6082	96	166
6083	41	251
6084	0	424
6085	0	0
6086	0	0
6087	0	0
6088	0	0
6089	120	361
6090	0	264
6091	0	0
6092	165	723
6093	14	42
6094	223	515
6095	0	262
6096	0	0
6097	0	0
6098	0	0
6099	0	89
6100	0	0
6101	93	89
6102	0	381
6103	0	335
6104	0	0
6105	0	0
6106	9	57
6107	0	0
6108	0	486
6109	0	0
6110	0	0
6111	0	0
6112	0	0
6113	0	0
6114	0	0
6115	0	0
6116	0	0
6117	0	0
6118	0	0
6119	0	0
6120	0	0
6121	0	0
6122	0	0
6123	0	305
6124	335	709
6125	0	448
6126	0	0
6127	0	0
6128	0	0
6129	310	633
6130	0	0
6131	0	0
6132	0	0
6133	0	0
6134	0	0
6135	0	0
6136	0	0
6137	0	0
6138	0	0
6139	0	0
6140	0	0
6141	0	0
6142	0	0
6143	0	0
6144	0	876
6145	27	99
6146	247	422
6147	0	0
6148	0	0
6149	0	0
6150	164	493
6151	402	183
6152	62	196
6153	237	769
6154	0	0
6155	0	1128
6156	0	0
6157	0	0
6158	0	0
6159	0	0
6160	0	321
6161	205	502
6162	111	476
6163	0	426
6164	66	180
6165	0	267
6166	0	0
6167	0	0
6168	0	0
6169	0	282
6170	0	0
6171	644	500
6172	0	448
6173	185	359
6174	0	0
6175	19	120
6176	0	441
6177	0	0
6178	0	0
6179	0	0
6180	0	0
6181	0	0
6182	0	0
6183	0	0
6184	0	0
6185	0	0
6186	0	0
6187	0	0
6188	0	0
6189	0	0
6190	0	0
6191	0	0
6192	0	0
6193	0	0
6194	0	0
6195	0	0
6196	0	0
6197	0	0
6198	0	0
6199	0	0
6200	0	0
6201	0	0
6202	52	438
6203	0	746
6204	0	0
6205	0	0
6206	0	0
6207	0	0
6208	0	0
6209	0	0
6210	0	0
6211	0	0
6212	0	0
6213	0	0
6214	0	0
6215	0	0
6216	0	0
6217	0	333
6218	25	197
6219	0	0
6220	972	0
6221	46	188
6222	0	0
6223	0	0
6224	0	0
6225	212	323
6226	0	0
6227	0	0
6228	0	312
6229	0	0
6230	120	250
6231	0	289
6232	206	397
6233	0	0
6234	0	91
6235	0	0
6236	46	198
6237	75	197
6238	310	979
6239	0	0
6240	0	0
6241	0	546
6242	0	0
6243	165	327
6244	168	474
6245	48	76
6246	0	591
6247	0	346
6248	378	582
6249	0	0
6250	0	0
6251	0	132
6252	0	0
6253	0	286
6254	0	0
6255	0	379
6256	0	0
6257	0	0
6258	0	440
6259	0	0
6260	0	176
6261	0	0
6262	0	0
6263	0	0
6264	0	0
6265	0	0
6266	0	0
6267	0	0
6268	0	779
6269	207	594
6270	117	300
6271	0	0
6272	0	0
6273	317	654
6274	0	0
6275	320	382
6276	105	208
6277	23	117
6278	0	0
6279	0	0
6280	0	0
6281	0	0
6282	0	307
6283	0	433
6284	0	298
6285	0	0
6286	124	558
6287	0	0
6288	0	0
6289	0	0
6290	223	492
6291	0	537
6292	393	430
6293	31	38
6294	89	260
6295	0	0
6296	5	44
6297	0	1099
6298	0	0
6299	0	0
6300	0	0
6301	0	0
6302	0	0
6303	0	0
6304	0	0
6305	0	0
6306	0	0
6307	0	0
6308	0	0
6309	0	0
6310	0	0
6311	0	0
6312	0	0
6313	0	0
6314	0	1136
6315	0	0
6316	0	0
6317	0	0
6318	0	0
6319	0	0
6320	0	0
6321	0	0
6322	335	667
6323	0	0
6324	0	679
6325	0	0
6326	0	0
6327	0	0
6328	0	0
6329	0	1179
6330	258	495
6331	149	232
6332	0	0
6333	0	0
6334	0	0
6335	0	0
6336	0	0
6337	0	0
6338	0	0
6339	0	0
6340	0	0
6341	0	0
6342	0	0
6343	0	0
6344	0	1063
6345	0	0
6346	0	0
6347	0	0
6348	0	0
6349	0	0
6350	0	0
6351	0	0
6352	0	0
6353	0	0
6354	0	621
6355	0	967
6356	104	271
6357	59	208
6358	0	0
6359	0	0
6360	349	114
6361	376	942
6362	104	261
6363	0	492
6364	59	205
6365	0	0
6366	0	0
6367	0	0
6368	0	313
6369	55	179
6370	0	0
6371	0	0
6372	0	655
6373	0	0
6374	0	172
6375	28	188
6376	177	238
6377	0	0
6378	0	378
6379	0	727
6380	271	538
6381	0	0
6382	0	960
6383	0	0
6384	22	73
6385	72	163
6386	0	624
6387	0	540
6388	0	0
6389	0	0
6390	396	556
6391	0	0
6392	0	0
6393	0	0
6394	0	0
6395	0	0
6396	0	1379
6397	0	0
6398	0	0
6399	0	0
6400	0	698
6401	0	0
6402	67	312
6403	0	0
6404	0	0
6405	0	0
6406	0	1664
6407	0	0
6408	0	0
6409	0	0
6410	370	632
6411	0	0
6412	0	0
6413	0	0
6414	0	0
6415	0	0
6416	0	0
6417	0	0
6418	0	1062
6419	0	0
6420	0	0
6421	0	0
6422	0	0
6423	0	0
6424	0	0
6425	0	172
6426	0	0
6427	163	363
6428	383	565
6429	0	0
6430	0	0
6431	52	139
6432	0	731
6433	35	131
6434	0	0
6435	0	0
6436	0	0
6437	0	368
6438	0	233
6439	0	0
6440	0	0
6441	0	0
6442	59	423
6443	0	867
6444	0	157
6445	68	183
6446	149	722
6447	0	157
6448	0	0
6449	0	532
6450	431	1068
6451	0	0
6452	203	711
6453	73	389
6454	0	611
6455	0	0
6456	0	545
6457	0	0
6458	0	547
6459	0	0
6460	0	0
6461	0	689
6462	0	0
6463	0	0
6464	0	0
6465	0	0
6466	0	929
6467	0	0
6468	0	0
6469	360	631
6470	0	0
6471	0	0
6472	0	0
6473	0	0
6474	0	0
6475	0	0
6476	0	0
6477	0	658
6478	474	1540
6479	0	0
6480	0	0
6481	0	0
6482	0	0
6483	0	0
6484	0	0
6485	0	0
6486	0	0
6487	0	0
6488	0	0
6489	0	0
6490	0	0
6491	0	0
6492	0	0
6493	0	0
6494	408	692
6495	0	0
6496	0	0
6497	0	1549
6498	0	0
6499	0	0
6500	0	0
6501	0	0
6502	0	0
6503	0	0
6504	0	1264
6505	57	123
6506	0	0
6507	162	471
6508	0	0
6509	308	149
6510	856	2479
6511	127	225
6512	0	483
6513	0	1892
6514	42	118
6515	0	0
6516	0	0
6517	0	0
6518	0	307
6519	0	0
6520	0	0
6521	0	0
6522	0	0
6523	18	95
6524	82	110
6525	0	421
6526	40	218
6527	0	469
6528	0	78
6529	83	503
6530	0	0
6531	128	284
6532	0	0
6533	355	957
6534	21	140
6535	0	0
6536	0	431
6537	0	407
6538	0	0
6539	0	0
6540	0	0
6541	0	0
6542	0	0
6543	0	0
6544	0	0
6545	0	0
6546	0	0
6547	0	0
6548	0	0
6549	0	0
6550	0	0
6551	354	1385
6552	0	0
6553	584	1000
6554	0	1150
6555	0	0
6556	0	0
6557	0	0
6558	0	0
6559	0	0
6560	0	0
6561	0	0
6562	0	0
6563	0	0
6564	0	0
6565	0	0
6566	0	0
6567	0	0
6568	0	0
6569	0	0
6570	0	0
6571	0	0
6572	0	396
6573	0	0
6574	0	0
6575	0	138
6576	0	1315
6577	234	425
6578	0	0
6579	0	0
6580	117	22
6581	0	0
6582	0	843
6583	170	255
6584	0	2050
6585	0	0
6586	0	0
6587	0	0
6588	127	299
6589	0	0
6590	0	0
6591	0	0
6592	0	408
6593	0	668
6594	0	433
6595	51	84
6596	0	0
6597	203	382
6598	0	568
6599	0	326
6600	0	0
6601	217	437
6602	224	806
6603	26	212
6604	0	0
6605	0	0
6606	0	618
6607	0	310
6608	0	0
6609	0	0
6610	294	507
6611	426	514
6612	0	0
6613	0	0
6614	0	0
6615	0	0
6616	0	0
6617	0	0
6618	0	0
6619	0	0
6620	0	0
6621	0	0
6622	0	0
6623	0	0
6624	0	0
6625	0	0
6626	0	1230
6627	118	353
6628	0	562
6629	0	0
6630	0	0
6631	0	0
6632	0	0
6633	0	0
6634	0	0
6635	207	443
6636	0	0
6637	0	0
6638	0	0
6639	0	0
6640	0	0
6641	0	0
6642	0	0
6643	0	0
6644	0	0
6645	0	0
6646	0	0
6647	0	451
6648	0	468
6649	70	222
6650	0	0
6651	0	0
6652	152	304
6653	200	128
6654	0	0
6655	293	562
6656	0	773
6657	0	1130
6658	0	0
6659	0	0
6660	72	150
6661	0	0
6662	0	0
6663	0	868
6664	0	0
6665	0	0
6666	0	0
6667	0	0
6668	108	533
6669	42	115
6670	0	478
6671	0	0
6672	202	431
6673	75	352
6674	92	274
6675	0	0
6676	0	0
6677	0	419
6678	0	0
6679	0	0
6680	0	0
6681	0	0
6682	0	0
6683	0	0
6684	0	0
6685	0	0
6686	0	0
6687	297	785
6688	0	0
6689	0	0
6690	0	0
6691	0	0
6692	0	592
6693	0	527
6694	0	0
6695	0	0
6696	0	0
6697	0	0
6698	0	0
6699	0	0
6700	0	0
6701	0	0
6702	0	0
6703	0	0
6704	0	0
6705	804	1772
6706	0	0
6707	0	0
6708	0	0
6709	0	0
6710	0	0
6711	0	0
6712	0	0
6713	0	0
6714	0	434
6715	8	18
6716	0	0
6717	244	525
6718	0	0
6719	482	97
6720	0	0
6721	95	179
6722	0	0
6723	0	637
6724	0	915
6725	0	0
6726	0	0
6727	120	314
6728	0	0
6729	0	441
6730	0	0
6731	0	608
6732	0	0
6733	0	187
6734	81	563
6735	0	202
6736	204	922
6737	0	0
6738	0	90
6739	0	0
6740	0	0
6741	308	790
6742	9	38
6743	0	0
6744	0	409
6745	0	0
6746	0	0
6747	0	0
6748	0	0
6749	0	0
6750	0	0
6751	0	0
6752	0	0
6753	0	0
6754	0	0
6755	0	0
6756	0	0
6757	0	0
6758	0	596
6759	724	1603
6760	99	454
6761	0	0
6762	0	0
6763	0	0
6764	0	0
6765	0	0
6766	0	0
6767	0	0
6768	0	0
6769	0	0
6770	0	0
6771	0	0
6772	0	0
6773	0	0
6774	0	0
6775	0	0
6776	0	0
6777	0	0
6778	0	0
6779	0	0
6780	0	0
6781	99	306
6782	44	84
6783	0	0
6784	341	630
6785	0	0
6786	202	49
6787	389	1861
6788	0	0
6789	0	170
6790	0	441
6791	0	0
6792	91	181
6793	0	120
6794	0	565
6795	0	0
6796	0	0
6797	0	105
6798	0	0
6799	0	0
6800	0	651
6801	45	259
6802	0	153
6803	20	58
6804	0	0
6805	0	241
6806	187	570
6807	0	0
6808	0	0
6809	18	82
6810	10	45
6811	0	0
6812	0	0
6813	0	0
6814	0	0
6815	467	1197
6816	0	0
6817	0	0
6818	0	0
6819	0	0
6820	0	0
6821	0	0
6822	0	0
6823	0	0
6824	0	0
6825	0	0
6826	0	0
6827	0	0
6828	0	2
6829	0	939
6830	0	235
6831	0	0
6832	0	0
6833	0	0
6834	0	0
6835	276	577
6836	86	160
6837	0	0
6838	129	0
6839	0	0
6840	0	629
6841	0	0
6842	0	0
6843	0	964
6844	0	0
6845	131	283
6846	87	334
6847	39	192
6848	0	635
6849	0	0
6850	0	0
6851	7	25
6852	0	994
6853	60	385
6854	0	0
6855	0	231
6856	0	0
6857	0	0
6858	0	162
6859	0	380
6860	0	0
6861	0	372
6862	223	507
6863	14	79
6864	0	743
6865	0	0
6866	28	81
6867	0	251
6868	63	377
6869	38	101
6870	0	0
6871	0	0
6872	218	0
6873	0	0
6874	45	173
6875	0	0
6876	261	0
6877	158	0
6878	251	0
6879	0	0
6880	277	0
6881	0	0
6882	0	0
6883	397	1009
6884	0	0
6885	200	441
6886	0	0
6887	190	600
6888	213	429
6889	0	0
6890	437	0
6891	0	0
6892	0	773
6893	0	0
6894	0	0
6895	0	0
6896	286	776
6897	0	0
6898	198	369
6899	0	0
6900	173	467
6901	225	127
6902	0	0
6903	0	0
6904	0	550
6905	48	301
6906	78	305
6907	174	226
6908	0	0
6909	0	665
6910	0	0
6911	0	360
6912	0	324
6913	0	0
6914	0	0
6915	40	223
6916	165	436
6917	10	41
6918	0	407
6919	0	0
6920	0	0
6921	9	39
6922	0	243
6923	121	444
6924	0	0
6925	0	0
6926	0	0
6927	0	0
6928	0	0
6929	0	0
6930	0	0
6931	0	0
6932	0	0
6933	0	0
6934	0	1556
6935	0	0
6936	0	0
6937	0	0
6938	0	0
6939	0	0
6940	253	0
6941	0	0
6942	0	0
6943	29	113
6944	0	0
6945	0	90
6946	245	746
6947	0	0
6948	84	147
6949	252	535
6950	0	0
6951	0	273
6952	0	398
6953	217	512
6954	81	291
6955	0	206
6956	0	0
6957	0	287
6958	0	0
6959	0	0
6960	0	0
6961	0	0
6962	109	244
6963	0	29
6964	0	0
6965	34	164
6966	187	466
6967	441	811
6968	0	390
6969	0	0
6970	0	0
6971	0	71
6972	0	334
6973	0	71
6974	0	0
6975	0	382
6976	0	0
6977	0	756
6978	0	0
6979	0	0
6980	0	0
6981	0	211
6982	0	0
6983	0	768
6984	0	0
6985	0	0
6986	0	0
6987	0	427
6988	338	1202
6989	0	0
6990	95	285
6991	230	142
6992	62	175
6993	0	0
6994	0	0
6995	0	1051
6996	0	426
6997	53	299
6998	94	213
6999	0	1157
7000	153	176
7001	0	0
7002	0	691
7003	0	0
7004	0	375
7005	0	246
7006	0	0
7007	0	0
7008	0	0
7009	0	276
7010	0	705
7011	26	146
7012	141	181
7013	0	106
7014	83	141
7015	0	0
7016	0	0
7017	0	111
7018	205	584
7019	42	265
7020	0	0
7021	0	0
7022	0	0
7023	0	0
7024	0	0
7025	0	1892
7026	81	429
7027	176	487
7028	0	0
7029	0	0
7030	0	0
7031	0	0
7032	0	0
7033	143	502
7034	0	0
7035	0	0
7036	307	180
7037	67	100
7038	56	176
7039	0	0
7040	0	0
7041	193	471
7042	104	340
7043	371	570
7044	0	802
7045	0	580
7046	0	884
7047	0	0
7048	0	244
7049	0	222
7050	0	0
7051	0	0
7052	0	401
7053	0	0
7054	0	0
7055	0	0
7056	0	386
7057	227	839
7058	0	239
7059	35	108
7060	0	0
7061	0	0
7062	36	211
7063	0	343
7064	174	497
7065	0	341
7066	129	364
7067	0	0
7068	0	0
7069	0	0
7070	0	2011
7071	0	228
7072	0	0
7073	0	0
7074	265	202
7075	30	59
7076	18	54
7077	0	1125
7078	0	0
7079	182	545
7080	102	193
7081	0	267
7082	49	179
7083	0	813
7084	0	1178
7085	0	0
7086	0	0
7087	0	0
7088	0	399
7089	0	0
7090	0	0
7091	0	702
7092	0	0
7093	22	119
7094	13	59
7095	0	762
7096	231	716
7097	0	0
7098	0	0
7099	29	184
7100	370	1158
7101	0	486
7102	0	438
7103	0	320
7104	0	0
7105	177	622
7106	0	0
7107	0	0
7108	0	0
7109	0	0
7110	0	0
7111	0	0
7112	0	283
7113	0	0
7114	274	224
7115	42	140
7116	0	1531
7117	0	0
7118	188	781
7119	108	540
7120	0	839
7121	0	744
7122	0	655
7123	0	0
7124	0	0
7125	0	294
7126	0	0
7127	0	375
7128	0	0
7129	0	0
7130	0	0
7131	0	161
7132	12	117
7133	72	334
7134	0	169
7135	85	73
7136	142	835
7137	0	0
7138	0	0
7139	12	58
7140	0	350
7141	0	0
7142	58	233
7143	139	265
7144	0	0
7145	0	0
7146	0	0
7147	0	0
7148	0	0
7149	139	52
7150	179	470
7151	0	878
7152	73	157
7153	567	1486
7154	0	60
7155	0	478
7156	0	0
7157	0	0
7158	75	300
7159	0	0
7160	0	0
7161	0	562
7162	0	0
7163	0	0
7164	0	0
7165	0	0
7166	0	268
7167	0	440
7168	34	203
7169	58	355
7170	0	0
7171	0	0
7172	221	393
7173	0	1684
7174	0	813
7175	0	248
7176	0	0
7177	0	1381
7178	0	0
7179	0	622
7180	162	515
7181	0	2808
7182	168	792
7183	0	0
7184	0	0
7185	0	0
7186	0	0
7187	0	1626
7188	0	0
7189	0	0
7190	194	101
7191	55	92
7192	0	796
7193	75	254
7194	416	612
7195	0	170
7196	0	367
7197	0	0
7198	0	93
7199	0	0
7200	0	0
7201	44	175
7202	0	0
7203	0	0
7204	0	0
7205	0	467
7206	0	88
7207	106	605
7208	0	0
7209	0	0
7210	1	14
7211	0	0
7212	0	697
7213	0	509
7214	0	0
7215	0	1199
7216	108	476
7217	0	0
7218	177	487
7219	0	0
7220	0	0
7221	0	0
7222	0	0
7223	0	0
7224	0	0
7225	0	0
7226	0	0
7227	322	131
7228	0	625
7229	123	446
7230	38	129
7231	0	848
7232	111	354
7233	302	466
7234	0	45
7235	0	1320
7236	0	0
7237	0	165
7238	0	0
7239	0	0
7240	0	0
7241	60	331
7242	0	416
7243	0	0
7244	0	490
7245	0	766
7246	10	28
7247	70	372
7248	0	0
7249	0	215
7250	0	0
7251	432	744
7252	0	1815
7253	0	0
7254	0	446
7255	0	0
7256	0	1407
7257	0	740
7258	0	0
7259	0	0
7260	0	362
7261	0	0
7262	182	424
7263	0	1260
7264	0	0
7265	0	0
7266	0	0
7267	0	0
7268	0	0
7269	0	0
7270	0	0
7271	0	0
7272	0	0
7273	0	0
7274	0	0
7275	223	625
7276	276	179
7277	62	183
7278	244	356
7279	0	0
7280	77	264
7281	540	1207
7282	0	0
7283	0	496
7284	0	0
7285	0	774
7286	0	0
7287	0	0
7288	37	209
7289	30	103
7290	0	0
7291	0	292
7292	0	606
7293	0	0
7294	0	0
7295	0	0
7296	46	177
7297	0	0
7298	0	855
7299	234	685
7300	0	0
7301	0	0
7302	0	0
7303	0	0
7304	0	0
7305	115	200
7306	211	79
7307	0	246
7308	0	0
7309	156	224
7310	183	291
7311	434	777
7312	0	291
7313	0	610
7314	0	250
7315	0	1013
7316	0	0
7317	0	0
7318	115	316
7319	0	310
7320	0	498
7321	0	0
7322	0	0
7323	79	337
7324	235	1233
7325	0	0
7326	0	0
7327	0	471
7328	180	443
7329	0	0
7330	0	0
7331	0	0
7332	0	0
7333	0	0
7334	0	0
7335	25	66
7336	352	170
7337	0	0
7338	177	254
7339	164	391
7340	162	219
7341	0	0
7342	0	0
7343	0	416
7344	0	244
7345	0	631
7346	0	0
7347	0	0
7348	86	209
7349	0	0
7350	0	220
7351	0	382
7352	0	0
7353	0	0
7354	0	0
7355	0	481
7356	144	727
7357	0	840
7358	0	0
7359	0	399
7360	0	0
7361	740	0
7362	0	0
7363	0	0
7364	0	383
7365	13	44
7366	0	0
7367	46	274
7368	0	0
7369	204	596
7370	141	255
7371	0	0
7372	0	0
7373	0	916
7374	0	0
7375	155	387
7376	23	212
7377	88	174
7378	0	226
7379	0	1048
7380	0	0
7381	31	148
7382	0	0
7383	0	0
7384	0	57
7385	219	290
7386	660	1850
7387	0	846
7388	0	0
7389	327	1289
7390	0	609
7391	0	124
7392	0	0
7393	0	179
7394	0	109
7395	255	526
7396	0	410
7397	0	0
7398	0	732
7399	0	322
7400	0	0
7401	0	0
7402	0	0
7403	0	0
7404	0	0
7405	0	0
7406	0	0
7407	0	0
7408	0	0
7409	303	234
7410	0	761
7411	115	147
7412	0	0
7413	80	159
7414	0	0
7415	48	356
7416	0	0
7417	0	661
7418	0	0
7419	0	274
7420	0	536
7421	0	0
7422	0	0
7423	0	309
7424	0	0
7425	18	37
7426	0	478
7427	0	0
7428	0	0
7429	20	84
7430	0	116
7431	0	0
7432	75	429
7433	0	0
7434	0	0
7435	0	312
7436	0	0
7437	0	0
7438	0	0
7439	0	0
7440	205	139
7441	0	0
7442	227	758
7443	0	960
7444	373	427
7445	425	1353
7446	46	151
7447	129	532
7448	184	263
7449	0	0
7450	0	533
7451	0	339
7452	0	290
7453	0	0
7454	0	0
7455	0	0
7456	142	569
7457	0	232
7458	0	0
7459	0	0
7460	0	0
7461	194	535
7462	29	103
7463	0	669
7464	0	0
7465	0	614
7466	0	430
7467	0	918
7468	0	1049
7469	0	0
7470	0	0
7471	0	0
7472	0	0
7473	0	0
7474	432	532
7475	0	0
7476	22	39
7477	291	255
7478	434	1316
7479	56	157
7480	262	514
7481	0	0
7482	0	845
7483	0	0
7484	0	0
7485	0	1216
7486	0	0
7487	0	390
7488	0	0
7489	0	177
7490	0	0
7491	214	618
7492	182	666
7493	0	725
7494	0	0
7495	0	919
7496	0	0
7497	0	0
7498	0	0
7499	0	0
7500	0	0
7501	0	789
7502	0	0
7503	0	0
7504	0	0
7505	0	0
7506	518	491
7507	0	0
7508	0	1217
7509	315	317
7510	0	301
7511	0	0
7512	73	186
7513	194	679
7514	302	717
7515	0	456
7516	0	549
7517	0	65
7518	0	0
7519	0	203
7520	0	0
7521	0	0
7522	0	911
7523	0	71
7524	0	0
7525	73	309
7526	0	0
7527	0	455
7528	0	0
7529	0	653
7530	0	0
7531	0	0
7532	0	0
7533	230	33
7534	0	0
7535	0	1276
7536	557	270
7537	0	0
7538	118	241
7539	102	365
7540	260	465
7541	0	0
7542	0	471
7543	0	0
7544	0	0
7545	0	0
7546	0	233
7547	0	0
7548	0	885
7549	0	308
7550	0	0
7551	0	0
7552	0	0
7553	0	0
7554	0	1198
7555	0	0
7556	0	709
7557	0	0
7558	211	0
7559	0	0
7560	329	175
7561	0	0
7562	0	454
7563	715	431
7564	264	450
7565	0	0
7566	186	475
7567	186	292
7568	0	0
7569	0	567
7570	0	0
7571	0	0
7572	0	0
7573	0	0
7574	0	141
7575	0	306
7576	0	838
7577	0	0
7578	73	265
7579	0	1149
7580	0	0
7581	0	343
7582	0	0
7583	0	0
7584	0	0
7585	0	0
7586	0	0
7587	228	76
7588	143	225
7589	0	445
7590	0	331
7591	224	218
7592	401	797
7593	0	0
7594	0	695
7595	42	153
7596	254	499
7597	0	392
7598	0	428
7599	0	289
7600	0	0
7601	0	0
7602	0	0
7603	0	0
7604	0	193
7605	0	200
7606	0	0
7607	0	0
7608	427	1447
7609	342	651
7610	0	0
7611	0	0
7612	0	0
7613	0	0
7614	263	60
7615	0	0
7616	0	0
7617	354	334
7618	0	0
7619	300	642
7620	0	0
7621	0	536
7622	0	0
7623	0	1390
7624	0	358
7625	167	338
7626	0	0
7627	0	0
7628	0	0
7629	0	0
7630	0	380
7631	0	219
7632	0	1274
7633	0	0
7634	268	688
7635	0	0
7636	0	0
7637	0	617
7638	0	0
7639	0	0
7640	358	113
7641	0	0
7642	0	0
7643	0	0
7644	0	0
7645	0	0
7646	0	915
7647	411	1393
7648	0	437
7649	0	268
7650	152	580
7651	0	341
7652	0	989
7653	0	0
7654	0	0
7655	0	0
7656	0	376
7657	0	151
7658	0	0
7659	0	0
7660	0	378
7661	0	0
7662	263	58
7663	0	0
7664	0	0
7665	15	65
7666	0	0
7667	50	102
7668	27	151
7669	0	347
7670	347	1017
7671	116	543
7672	0	497
7673	0	1303
7674	0	260
7675	0	0
7676	0	0
7677	0	639
7678	0	669
7679	0	0
7680	320	0
7681	0	0
7682	0	0
7683	0	0
7684	0	727
7685	0	0
7686	0	0
7687	103	205
7688	0	0
7689	0	0
7690	137	452
7691	59	193
7692	0	387
7693	42	166
7694	82	415
7695	0	0
7696	102	264
7697	0	0
7698	0	0
7699	0	59
7700	386	991
7701	0	0
7702	295	442
7703	0	0
7704	291	883
7705	0	286
7706	0	0
7707	14	90
7708	0	399
7709	0	0
7710	0	299
7711	0	228
7712	0	0
7713	0	0
7714	0	0
7715	0	0
7716	0	262
7717	0	254
7718	0	0
7719	0	0
7720	0	278
7721	0	0
7722	0	0
7723	0	0
7724	0	161
7725	0	0
7726	0	0
7727	0	0
7728	0	323
7729	0	0
7730	391	181
7731	0	0
7732	0	0
7733	0	0
7734	0	1284
7735	0	0
7736	142	407
7737	0	488
7738	268	547
7739	221	521
7740	0	438
7741	0	925
7742	25	101
7743	0	479
7744	44	274
7745	0	0
7746	0	0
7747	0	414
7748	0	0
7749	370	985
7750	0	696
7751	0	0
7752	0	1083
7753	0	0
7754	0	0
7755	0	0
7756	469	184
7757	0	0
7758	0	0
7759	0	0
7760	0	469
7761	165	240
7762	0	710
7763	74	366
7764	43	107
7765	0	398
7766	0	599
7767	0	223
7768	0	0
7769	0	0
7770	0	439
7771	0	0
7772	338	708
7773	86	444
7774	338	841
7775	0	0
7776	0	922
7777	0	0
7778	479	268
7779	0	0
7780	0	0
7781	0	0
7782	0	0
7783	0	591
7784	5	33
7785	0	837
7786	0	343
7787	130	306
7788	0	443
7789	76	292
7790	0	948
7791	0	448
7792	0	0
7793	0	0
7794	0	459
7795	0	0
7796	0	0
7797	0	0
7798	0	419
7799	0	0
7800	0	0
7801	0	0
7802	0	0
7803	0	731
7804	0	0
7805	0	0
7806	380	250
7807	0	0
7808	0	0
7809	0	0
7810	0	458
7811	288	518
7812	10	29
7813	0	553
7814	69	96
7815	0	285
7816	66	124
7817	0	571
7818	0	1489
7819	201	855
7820	0	0
7821	0	1150
7822	0	0
7823	0	441
7824	0	0
7825	0	0
7826	0	0
7827	301	1052
7828	0	0
7829	0	576
7830	0	0
7831	0	0
7832	291	312
7833	0	0
7834	0	0
7835	0	0
7836	0	0
7837	0	0
7838	405	1059
7839	0	237
7840	281	530
7841	0	123
7842	152	268
7843	104	381
7844	61	153
7845	0	147
7846	0	339
7847	0	353
7848	0	0
7849	0	845
7850	28	194
7851	0	0
7852	0	470
7853	0	1138
7854	279	975
7855	0	0
7856	149	448
7857	0	423
7858	0	0
7859	0	513
7860	0	0
7861	343	304
7862	0	0
7863	0	0
7864	0	0
7865	0	0
7866	495	1163
7867	0	268
7868	153	403
7869	188	435
7870	40	129
7871	0	388
7872	32	85
7873	0	312
7874	0	791
7875	0	0
7876	0	0
7877	0	0
7878	0	190
7879	0	0
7880	120	317
7881	0	0
7882	0	0
7883	0	0
7884	0	1152
7885	0	0
7886	0	0
7887	193	230
7888	0	0
7889	0	0
7890	323	1204
7891	0	972
7892	0	0
7893	346	745
7894	14	163
7895	0	180
7896	0	676
7897	335	1004
7898	0	1001
7899	0	0
7900	0	0
7901	0	0
7902	0	440
7903	0	0
7904	0	340
7905	0	0
7906	0	822
7907	0	0
7908	0	0
7909	440	358
7910	0	0
7911	0	0
7912	0	0
7913	0	0
7914	0	0
7915	356	996
7916	11	21
7917	173	755
7918	0	251
7919	0	248
7920	0	483
7921	0	80
7922	106	239
7923	0	0
7924	0	0
7925	5	50
7926	0	338
7927	0	0
7928	0	0
7929	0	1088
7930	0	0
7931	0	0
7932	631	595
7933	0	0
7934	0	0
7935	0	0
7936	0	0
7937	0	122
7938	0	0
7939	0	0
7940	49	235
7941	66	147
7942	119	514
7943	0	2184
7944	0	289
7945	8	29
7946	0	154
7947	0	0
7948	68	365
7949	0	0
7950	0	500
7951	0	0
7952	0	477
7953	0	0
7954	0	0
7955	0	720
7956	0	0
7957	250	236
7958	0	0
7959	0	0
7960	0	0
7961	0	0
7962	0	0
7963	0	0
7964	0	0
7965	0	1307
7966	47	400
7967	144	353
7968	0	185
7969	4	19
7970	0	707
7971	0	0
7972	0	708
7973	0	174
7974	0	0
7975	67	530
7976	0	0
7977	232	0
7978	0	0
7979	0	1016
7980	0	0
7981	0	0
7982	0	0
7983	0	0
7984	241	517
7985	0	613
7986	165	367
7987	197	677
7988	0	0
7989	186	139
7990	0	226
7991	178	248
7992	0	948
7993	63	268
7994	0	0
7995	0	309
7996	0	788
7997	0	158
7998	0	456
7999	0	0
8000	0	736
8001	0	0
8002	0	0
8003	117	333
8004	0	0
8005	0	379
8006	0	0
8007	0	0
8008	217	432
8009	0	210
8010	0	278
8011	0	0
8012	0	0
8013	0	838
8014	0	350
8015	0	0
8016	0	60
8017	0	0
8018	0	0
8019	0	0
8020	0	329
8021	776	512
8022	0	0
8023	0	0
8024	0	0
8025	0	0
8026	0	0
8027	0	1256
8028	7	16
8029	0	0
8030	0	0
8031	105	479
8032	0	365
8033	0	0
8034	0	1415
8035	0	552
8036	0	0
8037	0	0
8038	0	572
8039	0	0
8040	607	476
8041	0	0
8042	0	0
8043	0	0
8044	0	0
8045	0	0
8046	0	0
8047	19	41
8048	0	121
8049	64	290
8050	189	534
8051	0	109
8052	0	682
8053	0	423
8054	0	0
8055	0	881
8056	157	761
8057	184	587
8058	0	0
8059	0	757
8060	668	691
8061	0	0
8062	0	0
8063	0	0
8064	0	0
8065	0	0
8066	0	0
8067	0	121
8068	81	377
8069	0	295
8070	99	370
8071	0	926
8072	0	90
8073	0	0
8074	0	895
8075	24	144
8076	779	1638
8077	0	1832
8078	0	0
8079	0	93
8080	346	362
8081	0	0
8082	0	0
8083	0	0
8084	0	0
8085	0	0
8086	0	0
8087	0	480
8088	0	172
8089	344	847
8090	0	0
8091	37	177
8092	0	383
8093	0	441
8094	0	516
8095	0	0
8096	149	305
8097	0	0
8098	0	755
8099	343	305
8100	0	0
8101	0	0
8102	0	0
8103	0	0
8104	0	408
8105	0	0
8106	0	0
8107	0	933
8108	215	542
8109	0	231
8110	0	1387
8111	156	547
8112	15	75
8113	0	864
8114	0	511
8115	136	346
8116	0	0
8117	302	943
8118	0	0
8119	129	264
8120	0	0
8121	0	0
8122	0	778
8123	0	0
8124	186	98
8125	0	0
8126	0	0
8127	0	0
8128	0	0
8129	0	206
8130	0	0
8131	0	0
8132	0	318
8133	0	1310
8134	0	0
8135	0	587
8136	165	652
8137	102	375
8138	0	619
8139	0	332
8140	349	710
8141	0	0
8142	0	0
8143	0	0
8144	0	0
8145	0	0
8146	0	0
8147	0	224
8148	253	174
8149	0	0
8150	0	0
8151	0	0
8152	0	0
8153	0	0
8154	0	189
8155	0	613
8156	0	2019
8157	0	335
8158	131	488
8159	52	91
8160	0	243
8161	0	605
8162	551	963
8163	0	0
8164	0	0
8165	0	0
8166	0	69
8167	0	0
8168	0	0
8169	0	0
8170	0	0
8171	0	0
8172	0	159
8173	0	839
8174	0	307
8175	38	302
8176	52	78
8177	329	587
8178	0	385
8179	0	0
8180	352	477
8181	0	0
8182	324	214
8183	0	0
8184	0	0
8185	0	0
8186	0	585
8187	0	0
8188	0	0
8189	0	61
8190	249	524
8191	0	398
8192	217	586
8193	87	379
8194	0	584
8195	0	431
8196	244	355
8197	4	40
8198	0	1152
8199	0	0
8200	0	490
8201	355	587
8202	0	0
8203	0	0
8204	317	254
8205	0	0
8206	0	0
8207	0	0
8208	0	551
8209	0	0
8210	0	0
8211	0	0
8212	338	796
8213	0	343
8214	301	914
8215	0	245
8216	63	81
8217	157	680
8218	0	948
8219	361	858
8220	0	499
8221	0	1474
8222	0	0
8223	0	0
8224	164	0
8225	0	201
8226	0	0
8227	0	0
8228	0	348
8229	0	0
8230	161	304
8231	92	338
8232	93	272
8233	0	1032
8234	0	0
8235	185	232
8236	0	0
8237	0	452
8238	130	233
8239	0	386
8240	0	0
8241	0	531
8242	0	0
8243	41	228
8244	0	569
8245	0	0
8246	0	518
8247	0	187
8248	0	0
8249	148	428
8250	0	0
8251	0	0
8252	0	330
8253	0	86
8254	0	0
8255	0	0
8256	0	0
8257	0	0
8258	280	629
8259	0	97
8260	0	0
8261	0	0
8262	0	0
8263	0	0
8264	0	0
8265	0	0
8266	0	816
8267	306	229
8268	0	0
8269	0	0
8270	0	0
8271	0	628
8272	0	0
8273	0	0
8274	488	920
8275	0	256
8276	42	487
8277	397	629
8278	0	248
8279	0	1587
8280	0	0
8281	0	0
8282	0	863
8283	242	169
8284	0	0
8285	0	0
8286	0	0
8287	0	0
8288	0	581
8289	0	970
8290	196	618
8291	72	276
8292	164	797
8293	241	439
8294	0	225
8295	0	807
8296	0	518
8297	0	2291
8298	0	0
8299	0	0
8300	242	148
8301	0	0
8302	0	0
8303	0	0
8304	0	0
8305	0	0
8306	0	135
8307	201	747
8308	0	65
8309	137	426
8310	125	488
8311	0	430
8312	116	268
8313	0	718
8314	0	0
8315	0	0
8316	0	0
8317	318	180
8318	0	0
8319	0	0
8320	0	0
8321	0	0
8322	0	0
8323	254	609
8324	0	408
8325	0	144
8326	0	164
8327	0	401
8328	54	245
8329	28	102
8330	0	0
8331	0	0
8332	331	307
8333	0	95
8334	0	0
8335	0	0
8336	0	0
8337	0	0
8338	0	302
8339	0	0
8340	174	598
8341	0	370
8342	0	69
8343	0	383
8344	57	130
8345	0	0
8346	0	0
8347	0	0
8348	0	0
8349	0	0
8350	249	255
8351	0	0
8352	0	0
8353	0	0
8354	0	0
8355	0	0
8356	0	596
8357	0	0
8358	0	0
8359	0	529
8360	0	549
8361	405	1393
8362	0	0
8363	0	0
8364	505	498
8365	0	0
8366	0	661
8367	0	0
8368	0	0
8369	0	0
8370	0	375
8371	0	0
8372	0	599
8373	0	390
8374	0	473
8375	0	720
8376	0	0
8377	0	0
8378	0	0
8379	396	359
8380	0	0
8381	0	920
8382	0	0
8383	0	0
8384	0	0
8385	0	371
8386	0	0
8387	0	560
8388	0	329
8389	0	340
8390	0	0
8391	0	0
8392	373	367
8393	0	0
8394	0	0
8395	0	0
8396	0	0
8397	0	0
8398	0	453
8399	0	0
8400	0	1340
8401	0	226
8402	0	145
8403	0	0
8404	592	550
8405	0	0
8406	0	0
8407	0	0
8408	0	0
8409	0	0
8410	0	335
8411	0	0
8412	0	0
8413	257	830
8414	0	275
8415	0	0
8416	0	0
8417	237	630
8418	0	493
8419	0	934
8420	0	0
8421	0	0
8422	166	0
8423	0	156
8424	0	0
8425	0	0
8426	0	0
8427	193	339
8428	247	628
8429	41	91
8430	0	0
8431	0	937
8432	357	358
8433	0	743
8434	0	0
8435	0	438
8436	0	181
8437	0	284
8438	0	0
8439	0	0
8440	21	34
8441	39	49
8442	0	0
8443	0	0
8444	60	415
8445	0	0
8446	0	104
8447	0	0
8448	0	524
8449	0	0
8450	0	285
8451	0	366
8452	0	0
8453	253	553
8454	0	0
8455	0	210
8456	179	400
8457	0	614
8458	0	0
8459	0	541
8460	0	0
8461	0	734
8462	0	0
8463	0	0
8464	0	0
8465	0	0
8466	412	405
8467	0	0
8468	0	0
8469	0	0
8470	0	0
8471	0	0
8472	0	1024
8473	0	0
8474	0	0
8475	300	761
8476	0	493
8477	195	493
8478	0	0
8479	0	0
8480	408	1026
8481	0	0
8482	0	0
8483	458	329
8484	0	87
8485	0	0
8486	0	0
8487	0	0
8488	0	0
8489	0	639
8490	0	0
8491	0	0
8492	376	706
8493	0	566
8494	0	0
8495	0	0
8496	268	796
8497	384	394
8498	0	0
8499	0	0
8500	538	817
8501	0	29
8502	0	0
8503	0	0
8504	0	0
8505	0	0
8506	0	589
8507	0	0
8508	0	694
8509	366	743
8510	0	583
8511	0	0
8512	126	315
8513	0	0
8514	0	0
8515	634	891
8516	0	1046
8517	0	0
8518	0	0
8519	0	0
8520	0	309
8521	0	0
8522	0	0
8523	0	280
8524	0	0
8525	0	441
8526	0	0
8527	0	537
8528	0	0
8529	504	813
8530	0	0
8531	0	0
8532	0	0
8533	0	0
8534	0	410
8535	0	0
8536	0	0
8537	0	655
8538	0	0
8539	0	1230
8540	0	0
8541	0	605
8542	0	0
8543	276	532
8544	0	0
8545	0	0
8546	0	0
8547	0	0
8548	0	1153
8549	0	0
8550	0	0
8551	0	432
8552	0	852
8553	487	612
8554	0	0
8555	0	653
8556	0	0
8557	0	0
8558	0	0
8559	0	0
8560	0	0
8561	0	687
8562	0	0
8563	0	0
8564	0	243
8565	0	0
8566	0	598
8567	0	0
8568	279	572
8569	0	0
8570	0	0
8571	0	0
8572	0	677
8573	0	0
8574	0	0
8575	0	273
8576	0	0
8577	0	0
8578	0	279
8579	0	0
8580	0	0
8581	0	0
8582	217	374
8583	0	0
8584	0	0
8585	0	0
8586	0	0
8587	0	0
8588	0	0
8589	0	0
8590	0	243
8591	206	324
8592	0	0
8593	0	0
8594	345	655
8595	0	0
8596	0	0
8597	0	5
8598	0	0
8599	0	0
8600	0	470
8601	298	380
8602	0	425
8603	0	0
8604	0	0
8605	290	0
8606	0	282
8607	0	0
8608	0	598
8609	0	0
8610	204	321
8611	125	255
8612	190	611
8613	53	288
8614	0	403
8615	0	0
8616	378	312
8617	0	961
8618	0	696
8619	0	0
8620	0	0
8621	0	436
8622	123	465
8623	0	0
8624	0	1184
8625	77	172
8626	91	277
8627	0	0
8628	40	259
8629	0	0
8630	0	0
8631	0	0
8632	0	0
8633	0	364
8634	50	350
8635	0	0
8636	0	173
8637	0	0
8638	0	0
8639	0	0
8640	34	58
8641	72	161
8642	0	535
8643	0	912
8644	0	126
8645	0	415
8646	0	0
8647	0	0
8648	0	0
8649	0	0
8650	0	0
8651	581	932
8652	0	0
8653	0	0
8654	0	0
8655	0	0
8656	0	0
8657	0	244
8658	0	0
8659	0	0
8660	0	180
8661	0	0
8662	494	826
8663	0	0
8664	0	0
8665	0	44
8666	0	0
8667	0	0
8668	0	0
8669	0	0
8670	0	352
8671	0	0
8672	0	766
8673	0	0
8674	384	874
8675	0	0
8676	0	0
8677	0	54
8678	0	0
8679	0	0
8680	0	0
8681	0	422
8682	0	552
8683	0	0
8684	230	663
8685	0	0
8686	0	0
8687	0	0
8688	0	0
8689	0	0
8690	0	0
8691	0	0
8692	0	400
8693	0	0
8694	0	0
8695	580	719
8696	0	0
8697	0	0
8698	137	0
8699	0	0
8700	0	0
8701	0	0
8702	0	0
8703	0	0
8704	0	478
8705	0	0
8706	0	0
8707	0	0
8708	584	611
8709	0	0
8710	0	0
8711	0	0
8712	0	0
8713	0	0
8714	0	0
8715	0	0
8716	0	500
8717	0	0
8718	342	608
8719	0	0
8720	0	0
8721	0	0
8722	0	0
8723	0	54
8724	401	1805
8725	0	0
8726	0	0
8727	0	0
8728	503	664
8729	0	0
8730	0	0
8731	0	0
8732	0	0
8733	0	0
8734	0	225
8735	213	1030
8736	0	0
8737	0	0
8738	0	0
8739	779	909
8740	0	0
8741	0	0
8742	0	0
8743	0	0
8744	0	0
8745	0	355
8746	26	105
8747	0	0
8748	593	1051
8749	0	798
8750	0	628
8751	0	2409
8752	0	1967
8753	0	2068
8754	0	0
8755	0	0
8756	0	0
8757	0	0
8758	0	0
8759	0	696
8760	0	372
8761	0	0
8762	0	0
8763	0	0
8764	194	323
8765	271	542
8766	870	0
8767	255	692
8768	194	477
8769	142	455
8770	234	695
8771	183	644
8772	48	402
8773	0	733
8774	0	229
8775	0	449
8776	0	445
8777	0	642
8778	0	0
8779	0	183
8780	0	0
8781	0	0
8782	0	1918
8783	0	0
8784	0	0
8785	0	450
8786	0	504
8787	0	206
8788	0	439
8789	0	190
8790	34	118
8791	0	0
8792	0	0
8793	394	642
8794	667	1076
8795	447	852
8796	391	779
8797	394	723
8798	468	804
8799	350	771
8800	370	584
8801	356	584
8802	313	604
8803	419	638
8804	477	605
8805	252	381
8806	318	432
8807	263	473
8808	235	279
8809	364	322
8810	522	638
8811	469	632
8812	665	862
8813	424	40
8814	124	89
8815	291	53
8816	383	61
8817	378	44
8818	562	119
8819	382	114
8820	261	61
8821	648	66
8822	402	37
8823	363	79
8824	290	87
8825	386	66
8826	250	20
8827	388	175
8828	210	15
8829	199	25
8830	145	26
8831	408	22
8832	179	16
8833	166	11
8834	159	8
8835	192	32
8836	285	14
8837	355	30
8838	349	30
8839	323	30
8840	413	25
8841	403	49
8842	387	25
8843	203	2
8844	365	17
8845	332	23
8846	323	16
8847	125	5
8848	275	36
8849	532	40
8850	239	31
8851	483	69
8852	389	32
8853	244	15
8854	0	0
8855	0	0
8856	0	0
8857	0	0
8858	0	0
8859	0	0
8860	0	0
8861	0	0
8862	0	0
8863	0	0
8864	0	0
8865	0	0
8866	0	0
8867	0	0
8868	318	533
8869	368	545
8870	446	687
8871	215	465
8872	470	658
8873	415	837
8874	207	416
8875	365	719
8876	350	708
8877	392	525
8878	0	0
8879	0	0
8880	0	0
8881	0	0
8882	0	0
8883	0	0
8884	0	0
8885	0	0
8886	0	0
8887	0	0
8888	0	0
8889	0	0
8890	0	0
8891	0	0
8892	0	0
8893	252	249
8894	190	253
8895	555	935
8896	411	704
8897	0	0
8898	0	0
8899	0	0
8900	0	0
8901	0	0
8902	0	0
8903	0	0
8904	0	0
8905	0	0
8906	0	0
8907	0	0
8908	338	476
8909	309	328
8910	463	422
8911	495	445
8912	334	279
8913	419	325
8914	567	462
8915	368	364
8916	533	353
8917	356	280
8918	440	357
8919	480	329
8920	708	395
8921	518	367
8922	471	364
8923	514	459
8924	561	230
8925	397	285
8926	704	128
8927	356	422
8928	727	208
8929	394	183
8930	583	281
8931	636	301
8932	397	271
8933	410	363
8934	616	471
8935	463	299
8936	674	393
8937	668	354
8938	583	364
8939	307	127
8940	422	450
8941	494	352
8942	261	386
8943	354	451
8944	0	0
8945	0	0
8946	0	0
8947	0	0
8948	0	0
8949	0	0
8950	0	0
8951	0	0
8952	0	0
8953	0	0
8954	0	0
8955	297	406
8956	277	280
8957	56	56
8958	36	82
8959	151	164
8960	157	173
8961	0	0
8962	0	0
8963	0	0
8964	0	0
8965	0	0
8966	0	0
8967	0	0
8968	0	0
8969	0	0
8970	0	0
8971	0	0
8972	0	0
8973	0	0
8974	0	0
8975	0	0
8976	0	0
8977	0	0
8978	0	0
8979	0	0
8980	0	0
8981	0	0
8982	0	0
8983	0	0
8984	0	0
8985	0	0
8986	358	413
8987	352	442
8988	300	449
8989	357	433
8990	299	370
8991	346	378
8992	304	434
8993	406	517
8994	288	390
8995	228	367
8996	243	575
8997	376	418
8998	0	0
8999	0	0
9000	223	196
9001	437	388
9002	517	358
9003	146	126
9004	1019	357
9005	497	324
9006	367	220
9007	209	163
9008	294	245
9009	65	59
9010	543	535
9011	430	339
9012	182	177
9013	0	0
9014	0	0
9015	0	0
9016	0	0
9017	0	0
9018	0	0
9019	0	0
9020	0	0
9021	0	0
9022	0	0
9023	0	0
9024	0	0
9025	0	0
9026	0	0
9027	0	0
9028	0	0
9029	554	521
9030	0	0
9031	0	0
9032	0	0
9033	0	0
9034	0	0
9035	739	501
9036	448	252
9037	372	403
9038	495	448
9039	368	285
9040	792	623
9041	522	606
9042	800	599
9043	494	261
9044	1032	594
9045	689	615
9046	696	434
9047	632	385
9048	0	0
9049	0	0
9050	0	0
9051	0	0
9052	0	0
9053	0	0
9054	0	0
9055	0	0
9056	0	0
9057	0	0
9058	0	0
9059	0	0
9060	0	0
9061	0	0
9062	0	0
9063	0	0
9064	0	0
9065	0	0
9066	0	0
9067	0	0
9068	0	0
9069	0	0
9070	0	0
9071	0	0
9072	403	344
9073	0	0
9074	0	0
9075	0	0
9076	0	0
9077	0	0
9078	0	0
9079	0	0
9080	0	0
9081	0	0
9082	0	0
9083	0	0
9084	0	0
9085	0	0
9086	0	0
9087	0	0
9088	0	0
9089	0	0
9090	0	0
9091	0	0
9092	0	0
9093	0	0
9094	0	0
9095	0	0
9096	0	0
9097	0	0
9098	0	0
9099	0	0
9100	0	0
9101	0	0
9102	0	0
9103	0	0
9104	327	677
9105	215	585
9106	385	576
9107	373	421
9108	209	366
9109	0	0
9110	0	0
9111	0	0
9112	0	0
9113	0	0
9114	141	161
9115	117	160
9116	84	19
9117	217	159
9118	153	137
9119	302	178
9120	201	316
9121	296	439
9122	208	346
9123	474	248
9124	285	398
9125	430	497
9126	774	1010
9127	316	598
9128	386	487
9129	315	307
9130	0	0
9131	0	0
9132	0	0
9133	0	0
9134	0	0
9135	0	0
9136	0	0
9137	0	0
9138	0	0
9139	0	0
9140	0	0
9141	0	0
9142	0	0
9143	0	0
9144	0	0
9145	0	0
9146	0	0
9147	0	0
9148	0	0
9149	0	0
9150	0	0
9151	0	0
9152	0	0
9153	0	0
9154	0	0
9155	0	0
9156	0	0
9157	0	0
9158	0	0
9159	0	0
9160	0	0
9161	0	0
9162	0	0
9163	0	0
9164	0	0
9165	0	0
9166	0	0
9167	0	0
9168	0	0
9169	0	0
9170	0	0
9171	0	0
9172	0	0
9173	0	0
9174	0	0
9175	0	0
9176	0	0
9177	0	0
9178	0	0
9179	0	0
9180	0	0
9181	0	0
9182	0	0
9183	0	0
9184	0	0
9185	0	0
9186	0	0
9187	0	0
9188	0	0
9189	0	0
9190	0	0
9191	0	0
9192	0	0
9193	0	0
9194	0	0
9195	0	0
9196	0	0
9197	0	0
9198	0	0
9199	0	0
9200	0	0
9201	0	0
9202	0	0
9203	0	0
9204	0	0
9205	0	0
9206	0	0
9207	0	0
9208	0	0
9209	0	0
9210	0	0
9211	0	0
9212	0	0
9213	0	0
9214	0	0
9215	0	0
9216	234	637
9217	217	613
9218	224	677
9219	230	704
9220	230	689
9221	775	0
9222	435	0
9223	346	0
9224	297	501
9225	447	839
9226	296	139
9227	0	0
9228	481	166
9229	469	217
9230	363	607
9231	228	379
9232	256	710
9233	330	603
9234	306	663
9235	228	450
9236	212	664
9237	168	600
9238	0	0
9239	0	817
9240	0	0
9241	0	0
9242	0	0
9243	753	555
9244	0	0
9245	484	837
9246	0	0
9247	147	85
9248	0	0
9249	0	0
9250	0	0
9251	0	0
9252	0	71
9253	0	0
