1	13	438	697	0
2	1	462	648	0
3	1	1268	874	0
4	1	735	905	0
5	1	690	1113	0
6	1	253	764	0
7	1	765	1034	0
8	1	423	738	0
9	1	336	1341	0
10	1	257	1445	0
11	1	204	1211	0
12	1	416	462	0
13	1	226	1448	0
14	1	179	1234	0
15	1	386	1249	0
16	1	305	986	0
17	1	473	820	0
18	1	891	836	0
19	1	556	1267	0
20	1	776	2252	0
21	1	1716	3479	0
22	1	742	226	0
23	1	263	240	0
24	1	283	272	0
25	1	333	216	0
26	1	105	368	0
27	1	1863	702	0
28	1	331	151	0
29	1	457	84	0
30	1	902	968	0
31	1	1163	1403	0
32	1	1203	760	0
33	1	164	244	0
34	1	162	248	0
35	1	1282	746	0
36	1	892	327	0
37	1	1532	1228	0
38	1	107	185	0
39	1	997	1192	0
40	1	1155	927	0
41	1	1476	1197	0
42	1	421	861	0
43	1	316	448	0
44	1	682	954	0
45	1	177	219	0
46	1	647	1013	0
47	1	244	491	0
48	1	32	75	0
49	1	1280	791	0
50	1	29	173	0
51	1	148	481	0
52	1	56	276	0
53	1	495	962	0
54	1	657	1369	0
55	1	772	604	0
56	1	203	363	0
57	1	519	988	0
58	1	656	560	0
59	1	34	182	0
60	1	35	228	0
61	1	49	170	0
62	1	19	175	0
63	1	104	379	0
64	1	22	36	0
65	1	49	313	0
66	1	146	124	0
67	1	831	617	0
68	1	209	264	0
69	1	177	328	0
70	1	273	505	0
71	1	158	415	0
72	1	356	358	0
73	1	494	37	0
74	1	572	156	0
75	1	222	24	0
76	1	73	382	0
77	1	39	183	0
78	1	122	502	0
79	1	88	255	0
80	1	250	634	0
81	1	96	383	0
82	1	14	151	0
83	1	99	258	0
84	1	306	244	0
85	1	111	104	0
86	1	668	386	0
87	1	1251	512	0
88	1	0	0	0
89	1	478	482	0
90	1	294	529	0
91	1	819	1351	0
92	1	339	168	0
93	1	598	351	0
94	1	456	22	0
95	1	626	556	0
96	1	272	376	0
97	1	308	813	0
98	1	374	1988	0
99	1	231	645	0
100	1	627	1354	0
101	1	328	1589	0
102	1	154	1140	0
103	1	476	1006	0
104	1	569	1226	0
105	1	377	480	0
106	1	189	711	0
107	1	507	931	0
108	1	447	2254	0
109	1	190	679	0
110	1	913	751	0
111	1	632	1621	0
112	1	242	817	0
113	1	454	1754	0
114	1	147	880	0
115	1	203	812	0
116	1	379	1200	0
117	1	1097	673	0
118	1	489	50	0
119	1	202	1062	0
120	1	81	518	0
121	1	183	1018	0
122	1	1149	605	0
123	1	977	33	0
124	1	280	888	0
125	1	624	680	0
126	1	585	652	0
127	1	574	509	0
128	1	549	266	0
129	1	862	815	0
130	1	851	570	0
131	1	818	559	0
132	1	750	1278	0
133	1	1203	2237	0
134	1	298	934	0
135	1	489	1581	0
136	1	339	1430	0
137	1	801	765	0
138	1	1353	1740	0
139	1	835	1687	0
140	1	1468	1861	0
141	1	259	881	0
142	1	2271	3787	0
143	1	379	1435	0
144	1	958	1420	0
145	1	283	923	0
146	1	202	1148	0
147	1	157	510	0
148	1	243	1392	0
149	1	319	1028	0
150	1	325	1044	0
151	1	191	597	0
152	1	367	1532	0
153	1	238	619	0
154	1	258	830	0
155	1	1170	2697	0
156	1	579	1351	0
157	1	1968	3858	0
158	1	1965	1995	0
159	1	1374	1854	0
160	1	1327	2366	0
161	1	628	1297	0
162	1	1356	3598	0
163	1	531	2086	0
164	1	252	790	0
165	1	386	1242	0
166	1	856	1274	0
167	1	251	712	0
168	1	171	284	0
169	1	505	1035	0
170	1	334	663	0
171	1	204	180	0
172	1	713	166	0
173	1	512	239	0
174	1	524	446	0
175	1	93	193	0
176	1	296	406	0
177	1	170	142	0
178	1	549	1242	0
179	1	271	185	0
180	1	1133	769	0
181	1	611	540	0
182	1	123	289	0
183	1	205	229	0
184	1	8	9	0
185	1	489	928	0
186	1	908	1640	0
187	1	285	363	0
188	1	263	491	0
189	1	755	1334	0
190	1	534	648	0
191	1	682	831	0
192	1	84	117	0
193	1	440	653	0
194	1	622	697	0
195	1	530	892	0
196	1	194	563	0
197	1	249	544	0
198	1	499	1334	0
199	1	168	309	0
200	1	220	580	0
201	1	610	1025	0
202	1	469	616	0
203	1	489	715	0
204	1	57	237	0
205	1	411	856	0
206	1	199	626	0
207	1	272	354	0
208	1	581	838	0
209	1	193	89	0
210	1	207	50	0
211	1	239	38	0
212	1	871	85	0
213	1	1132	180	0
214	1	423	347	0
215	1	692	190	0
216	1	1300	146	0
217	1	858	227	0
218	1	487	555	0
219	1	857	104	0
220	1	167	75	0
221	1	59	51	0
222	1	784	908	0
223	1	798	901	0
224	1	338	328	0
225	1	282	444	0
226	1	211	450	0
227	1	245	329	0
228	1	392	698	0
229	1	273	433	0
230	1	161	467	0
231	1	236	419	0
232	1	512	692	0
233	1	523	642	0
234	1	295	423	0
235	1	329	345	0
236	1	207	349	0
237	1	250	340	0
238	1	271	307	0
239	1	578	157	0
240	1	324	365	0
241	1	1417	405	0
242	1	827	262	0
243	1	457	145	0
244	1	356	91	0
245	1	377	96	0
246	1	1068	317	0
247	1	289	129	0
248	1	62	27	0
249	1	417	649	0
250	1	328	795	0
251	1	230	199	0
252	1	36	73	0
253	1	179	422	0
254	1	140	345	0
255	1	287	643	0
256	1	258	677	0
257	1	156	647	0
258	1	122	334	0
259	1	129	346	0
260	1	241	575	0
261	1	83	196	0
262	1	433	1314	0
263	1	252	966	0
264	1	498	1396	0
265	1	35	166	0
266	1	33	169	0
267	1	303	780	0
268	1	160	285	0
269	1	164	459	0
270	1	32	334	0
271	1	447	1516	0
272	1	120	541	0
273	1	431	2066	0
274	1	585	1709	0
275	1	100	320	0
276	1	45	86	0
277	1	179	643	0
278	1	673	2769	0
279	1	173	202	0
280	1	186	398	0
281	1	84	431	0
282	1	809	1496	0
283	1	1254	1246	0
284	1	620	1098	0
285	1	1024	434	0
286	1	526	1412	0
287	1	640	1626	0
288	1	525	2243	0
289	1	448	476	0
290	1	1004	2507	0
291	1	312	501	0
292	1	263	430	0
293	1	807	723	0
294	1	539	806	0
295	1	548	1158	0
296	1	772	455	0
297	1	611	1292	0
298	1	664	1524	0
299	1	353	1504	0
300	1	1109	2024	0
301	1	655	2064	0
302	1	942	2164	0
303	1	47	273	0
304	1	180	571	0
305	1	300	1013	0
306	1	401	1180	0
307	1	2194	691	0
308	1	763	20	0
309	1	3211	191	0
310	1	2379	805	0
311	1	1856	858	0
312	1	3820	1182	0
313	1	1983	846	0
314	1	1894	437	0
315	1	1389	117	0
317	1	202	593	0
318	1	439	1052	0
319	1	286	506	0
320	1	380	1358	0
321	1	317	638	0
322	1	308	996	0
323	1	235	695	0
324	1	263	733	0
325	1	130	444	0
326	1	245	589	0
327	1	399	537	0
328	1	444	1130	0
329	1	219	815	0
330	1	485	858	0
331	1	229	680	0
332	1	1963	225	0
333	1	2920	2041	0
334	1	3834	475	0
335	1	1775	76	0
336	1	2407	1501	0
337	1	3581	889	0
338	1	282	1404	0
339	1	342	1094	0
340	1	212	673	0
341	1	2412	1511	0
342	1	1133	1301	0
343	1	1553	149	0
344	1	1622	102	0
345	1	4523	829	0
346	1	1271	1493	0
347	1	2064	944	0
348	1	2974	505	0
349	1	424	656	0
350	1	2043	233	0
351	1	1157	280	0
352	1	2139	199	0
353	1	1361	74	0
354	1	5190	1552	0
355	1	1302	40	0
356	1	3876	1303	0
357	1	1024	807	0
358	1	1062	3064	0
359	1	1272	2063	0
360	1	1102	1243	0
361	1	1178	2045	0
362	1	2216	2828	0
363	1	1696	2883	0
364	1	805	1817	0
365	1	911	707	0
366	1	1410	1845	0
367	1	929	1649	0
368	1	2811	3774	0
369	1	1067	2799	0
370	1	1885	585	0
371	1	4390	1497	0
372	1	2208	849	0
373	1	3442	788	0
374	1	1735	688	0
375	1	1431	149	0
376	1	4319	798	0
377	1	1323	324	0
378	1	461	20	0
379	1	919	15	0
380	1	1048	12	0
381	1	3115	42	0
382	1	1306	101	0
383	1	847	60	0
384	1	833	67	0
385	1	1512	72	0
386	1	1204	156	0
387	1	839	31	0
388	1	1129	165	0
389	1	1643	223	0
390	1	141	625	0
391	1	190	574	0
392	1	417	953	0
393	1	289	909	0
394	1	318	935	0
395	1	1797	300	0
396	1	5639	653	0
397	1	1185	1483	0
398	1	1844	275	0
399	1	335	566	0
400	1	169	245	0
401	1	357	814	0
402	1	614	1571	0
403	1	320	830	0
404	1	931	554	0
405	1	589	230	0
406	1	1866	369	0
407	1	1231	959	0
408	1	406	859	0
409	1	675	1299	0
410	1	237	986	0
411	1	501	1650	0
412	1	594	1636	0
413	1	405	1254	0
414	1	398	610	0
415	1	507	835	0
416	1	256	478	0
417	1	739	1203	0
418	1	413	32	0
419	1	979	3221	0
420	1	441	1265	0
421	1	495	917	0
422	1	614	1004	0
423	1	722	1227	0
424	1	523	1997	0
425	1	806	2143	0
426	1	208	555	0
427	1	418	299	0
428	1	338	748	0
429	1	440	609	0
430	1	115	376	0
431	1	18	213	0
432	1	162	1056	0
433	1	795	1112	0
434	1	432	1320	0
435	1	355	1204	0
436	1	646	2245	0
437	1	685	1471	0
438	1	657	921	0
439	1	300	1252	0
440	1	465	771	0
441	1	417	637	0
442	1	835	2541	0
443	1	478	1355	0
444	1	548	387	0
445	1	603	1450	0
446	1	472	1857	0
447	1	689	819	0
448	1	109	434	0
449	1	77	297	0
450	1	60	213	0
451	1	65	444	0
452	1	696	248	0
453	1	355	1965	0
454	1	192	141	0
455	1	84	135	0
456	1	79	239	0
457	1	556	694	0
458	1	445	679	0
459	1	693	2399	0
460	1	206	269	0
461	1	255	1407	0
462	1	572	1088	0
463	1	322	392	0
464	1	304	380	0
465	1	400	573	0
466	1	369	528	0
467	1	974	1027	0
468	1	129	215	0
469	1	619	847	0
470	1	1026	1213	0
471	1	105	729	0
472	1	447	239	0
473	1	40	115	0
474	1	949	1572	0
475	1	573	1588	0
476	1	73	73	0
477	1	446	1094	0
478	1	392	1548	0
479	1	305	529	0
480	1	560	353	0
481	1	63	404	0
482	1	1071	847	0
483	1	302	351	0
484	1	152	715	0
485	1	377	675	0
486	1	986	448	0
487	1	455	446	0
488	1	1386	606	0
489	1	1426	1541	0
490	1	597	928	0
491	1	6	130	0
492	1	196	802	0
493	1	84	263	0
494	1	473	502	0
495	1	101	218	0
496	1	169	439	0
497	1	521	359	0
498	1	173	641	0
499	1	408	311	0
500	1	68	214	0
501	1	158	401	0
502	1	579	550	0
503	1	459	146	0
504	1	164	632	0
505	1	98	369	0
506	1	252	723	0
507	1	554	899	0
508	1	1026	1237	0
509	1	488	1858	0
510	1	1078	977	0
511	1	439	545	0
512	1	785	306	0
513	1	1351	611	0
514	1	2407	2702	0
515	1	743	1565	0
516	1	2005	1101	0
517	1	1045	1931	0
518	1	184	438	0
519	1	324	1785	0
520	1	434	755	0
521	1	1230	159	0
522	1	904	1091	0
523	1	187	773	0
524	1	38	196	0
525	1	193	762	0
526	1	186	152	0
527	1	233	387	0
528	1	795	1756	0
529	1	73	301	0
530	1	328	621	0
531	1	841	411	0
532	1	233	806	0
533	1	515	474	0
534	1	185	547	0
535	1	551	818	0
536	1	143	348	0
537	1	474	511	0
538	1	333	175	0
539	1	725	1613	0
540	1	716	1617	0
541	1	639	1153	0
542	1	431	765	0
543	1	672	1880	0
544	1	816	845	0
545	1	234	496	0
546	1	286	605	0
547	1	475	1124	0
548	1	246	433	0
549	1	362	693	0
550	1	633	761	0
551	1	590	1043	0
552	1	477	994	0
553	1	622	1145	0
554	1	541	870	0
555	1	629	969	0
556	1	246	615	0
557	1	749	1877	0
558	1	961	1664	0
559	1	587	1312	0
560	1	794	525	0
561	1	169	945	0
562	1	390	706	0
563	1	966	1226	0
564	1	282	332	0
565	1	156	527	0
566	1	730	1433	0
567	1	551	1219	0
568	1	449	1383	0
569	1	307	547	0
570	1	837	901	0
571	1	267	322	0
572	1	423	283	0
573	1	336	359	0
574	1	228	656	0
575	1	665	179	0
576	1	802	666	0
577	1	704	310	0
578	1	1061	401	0
579	1	958	579	0
580	1	91	110	0
581	1	197	615	0
582	1	287	584	0
583	1	513	1212	0
584	1	445	1522	0
585	1	437	1263	0
586	1	1181	1763	0
587	1	892	865	0
588	1	771	587	0
589	1	575	1328	0
590	1	1690	2831	0
591	1	746	1322	0
592	1	816	782	0
593	1	1889	714	0
594	1	3624	858	0
595	1	1427	2192	0
596	1	676	42	0
597	1	613	2702	0
598	1	663	1075	0
599	1	1093	1336	0
600	1	447	1033	0
601	1	1428	288	0
602	1	1160	1373	0
603	1	1729	96	0
604	1	198	671	0
605	1	264	948	0
606	1	137	542	0
607	1	88	433	0
608	1	426	1256	0
609	1	223	592	0
610	1	362	1033	0
611	1	371	1067	0
612	1	267	756	0
613	1	269	683	0
614	1	393	898	0
615	1	202	698	0
616	1	49	245	0
617	1	187	402	0
618	1	418	527	0
619	1	936	343	0
620	1	1366	351	0
621	1	739	1322	0
622	1	830	1430	0
623	1	477	1270	0
624	1	123	671	0
625	1	756	1584	0
626	1	756	1848	0
627	1	222	380	0
628	1	336	551	0
629	1	372	536	0
630	1	716	384	0
631	1	159	400	0
632	1	609	837	0
633	1	1282	1090	0
634	1	1105	576	0
635	1	717	1974	0
636	1	2127	1400	0
637	1	600	429	0
638	1	1385	950	0
639	1	696	1239	0
640	1	201	613	0
641	1	580	1204	0
642	1	69	404	0
643	1	293	566	0
644	1	261	1003	0
645	1	498	1152	0
646	1	654	747	0
647	1	591	441	0
648	1	365	788	0
649	1	586	497	0
650	1	496	725	0
651	1	701	555	0
652	1	774	1005	0
653	1	247	311	0
654	1	17	97	0
655	1	41	125	0
656	1	39	118	0
657	1	265	435	0
658	1	1268	2352	0
659	1	1029	1321	0
660	1	308	1067	0
661	1	681	2095	0
662	1	366	954	0
663	1	224	584	0
664	1	290	1323	0
665	1	434	1494	0
666	1	462	1575	0
667	1	268	1298	0
668	1	459	1275	0
669	1	361	1069	0
670	1	251	996	0
671	1	529	588	0
672	1	683	60	0
673	1	843	654	0
674	1	579	1399	0
675	1	846	259	0
676	1	879	733	0
677	1	810	1211	0
678	1	384	1443	0
679	1	402	1687	0
680	1	445	1325	0
681	1	208	537	0
682	1	199	942	0
683	1	563	1684	0
684	1	367	1526	0
685	1	884	2530	0
686	1	391	1433	0
687	1	256	876	0
688	1	243	718	0
689	1	142	593	0
690	1	473	543	0
691	1	214	675	0
692	1	502	585	0
693	1	288	761	0
694	1	145	494	0
695	1	286	945	0
696	1	404	561	0
697	1	321	1014	0
698	1	841	274	0
699	1	544	1565	0
700	1	664	2148	0
701	1	605	1656	0
702	1	840	85	0
703	1	464	1057	0
704	1	972	1935	0
705	1	588	979	0
706	1	612	1874	0
707	1	249	1549	0
708	1	790	1005	0
709	1	607	521	0
710	1	476	920	0
711	1	801	407	0
712	1	934	96	0
713	1	704	172	0
714	1	1135	995	0
715	1	429	981	0
716	1	389	1237	0
717	1	579	542	0
718	1	199	563	0
719	1	852	489	0
720	1	777	412	0
721	1	778	241	0
722	1	705	157	0
723	1	486	336	0
724	1	808	1797	0
725	1	1228	1501	0
726	1	580	598	0
727	1	718	160	0
728	1	547	163	0
729	1	629	187	0
730	1	394	368	0
731	1	317	219	0
732	1	997	2156	0
733	1	387	1540	0
734	1	116	407	0
735	1	174	687	0
736	1	669	2117	0
737	1	626	835	0
738	1	657	1295	0
739	1	487	863	0
740	1	367	575	0
741	1	1148	1289	0
742	1	1386	1369	0
743	1	1014	1707	0
744	1	1550	2649	0
745	1	1987	3863	0
746	1	100	482	0
747	1	180	609	0
748	1	165	505	0
749	1	600	759	0
750	1	354	655	0
751	1	522	1266	0
752	1	84	458	0
753	1	182	728	0
754	1	142	346	0
755	1	64	544	0
756	1	97	347	0
757	1	74	209	0
758	1	334	830	0
759	1	330	1090	0
760	1	260	1010	0
761	1	545	2030	0
762	1	263	1058	0
763	1	360	705	0
764	1	358	1096	0
765	1	429	1035	0
766	1	278	799	0
767	1	603	1043	0
768	1	1163	2257	0
769	1	1910	2705	0
770	1	1122	2270	0
771	1	76	278	0
772	1	147	366	0
773	1	744	980	0
774	1	1739	2887	0
775	1	521	1016	0
776	1	1081	1694	0
777	1	1620	2477	0
778	1	863	1230	0
779	1	1985	462	0
780	1	707	433	0
781	1	2256	635	0
782	1	1947	188	0
783	1	1633	500	0
784	1	1533	1048	0
785	1	984	659	0
786	1	198	375	0
787	1	1149	1754	0
788	1	555	704	0
789	1	1175	1693	0
790	1	709	585	0
791	1	1544	2757	0
792	1	328	412	0
793	1	261	323	0
794	1	235	132	0
795	1	453	233	0
796	1	794	86	0
797	1	669	153	0
798	1	399	170	0
799	1	768	198	0
800	1	264	162	0
801	1	612	200	0
802	1	1352	968	0
803	1	824	2087	0
804	1	898	446	0
805	1	993	1802	0
806	1	1019	237	0
807	1	418	127	0
808	1	200	64	0
809	1	1491	1168	0
810	1	497	599	0
811	1	900	615	0
812	1	989	842	0
813	1	552	248	0
814	1	1184	367	0
815	1	656	2209	0
816	1	690	175	0
817	1	1087	726	0
818	1	790	361	0
819	1	466	444	0
820	1	844	1274	0
821	1	351	532	0
822	1	330	961	0
823	1	835	287	0
824	1	640	563	0
825	1	798	97	0
826	1	1421	104	0
827	1	1254	48	0
828	1	985	552	0
829	1	322	1464	0
830	1	422	628	0
831	1	449	1257	0
832	1	972	2074	0
833	1	665	945	0
834	1	146	794	0
835	1	728	2038	0
836	1	688	1777	0
837	1	728	1670	0
838	1	521	1426	0
839	1	2410	1054	0
840	1	123	557	0
841	1	883	1898	0
842	1	751	1083	0
843	1	849	1339	0
844	1	1312	463	0
845	1	748	330	0
846	1	976	26	0
847	1	674	292	0
848	1	466	416	0
849	1	491	1204	0
850	1	909	520	0
851	1	982	281	0
852	1	362	321	0
853	1	715	841	0
854	1	1042	1046	0
855	1	659	141	0
856	1	1426	62	0
857	1	658	630	0
858	1	779	126	0
859	1	102	202	0
860	1	322	411	0
861	1	2251	1801	0
862	1	1940	1746	0
863	1	303	506	0
864	1	695	684	0
865	1	159	242	0
866	1	211	313	0
867	1	469	575	0
868	1	310	565	0
869	1	341	836	0
870	1	387	909	0
871	1	906	996	0
872	1	642	728	0
873	1	1061	1177	0
874	1	841	1169	0
875	1	1069	611	0
876	1	861	491	0
877	1	2211	419	0
878	1	1273	287	0
879	1	1504	50	0
880	1	1399	130	0
881	1	439	821	0
882	1	481	372	0
883	1	1669	578	0
884	1	393	1446	0
885	1	1489	364	0
886	1	1032	1522	0
887	1	1596	325	0
888	1	1659	490	0
889	1	3093	2336	0
890	1	1776	85	0
891	1	1468	315	0
892	1	213	717	0
893	1	429	511	0
894	1	584	621	0
895	1	450	445	0
896	1	445	692	0
897	1	832	609	0
898	1	1499	46	0
899	1	805	344	0
900	1	1251	174	0
901	1	1181	757	0
902	1	945	186	0
903	1	725	481	0
904	1	552	559	0
905	1	1358	1130	0
906	1	627	619	0
907	1	1176	1255	0
908	1	1570	364	0
909	1	731	954	0
910	1	609	796	0
911	1	1152	202	0
912	1	622	270	0
913	1	359	803	0
914	1	209	781	0
915	1	583	795	0
916	1	623	283	0
917	1	759	1018	0
918	1	564	840	0
919	1	1052	35	0
920	1	2231	529	0
921	1	596	376	0
922	1	1733	1032	0
923	1	928	44	0
924	1	531	764	0
925	1	470	1512	0
926	1	1253	1207	0
927	1	1004	45	0
928	1	612	426	0
929	1	984	1014	0
930	1	902	354	0
931	1	1020	1604	0
932	1	1375	1593	0
933	1	1087	280	0
934	1	827	75	0
935	1	272	1264	0
936	1	597	552	0
937	1	877	967	0
938	1	1213	99	0
939	1	1144	124	0
940	1	894	290	0
941	1	1250	225	0
942	1	1140	94	0
943	1	720	1029	0
944	1	260	1198	0
945	1	576	51	0
946	1	456	575	0
947	1	994	86	0
948	1	1374	442	0
949	1	740	775	0
950	1	1252	2388	0
951	1	916	268	0
952	1	991	771	0
953	1	1044	639	0
954	1	1867	153	0
955	1	715	197	0
956	1	968	557	0
957	1	761	322	0
958	1	656	706	0
959	1	683	436	0
960	1	565	245	0
961	1	1582	213	0
962	1	597	841	0
963	1	668	879	0
964	1	562	620	0
965	1	1380	1188	0
966	1	443	646	0
967	1	777	204	0
968	1	1951	801	0
969	1	1094	282	0
970	1	670	611	0
971	1	1356	1661	0
972	1	1096	121	0
973	1	844	523	0
974	1	1056	778	0
975	1	619	772	0
976	1	366	670	0
977	1	556	477	0
978	1	1301	556	0
979	1	441	987	0
980	1	1503	318	0
981	1	689	1235	0
982	1	266	839	0
983	1	2219	471	0
984	1	708	1399	0
985	1	1105	316	0
986	1	1144	718	0
987	1	215	839	0
988	1	231	618	0
989	1	427	379	0
990	1	197	452	0
991	1	242	803	0
992	1	1150	666	0
993	1	465	370	0
994	1	521	105	0
995	1	502	710	0
996	1	441	905	0
997	1	277	1478	0
998	1	389	574	0
999	1	426	808	0
1000	1	251	594	0
1001	1	775	376	0
1002	1	396	376	0
1003	1	465	663	0
1004	1	307	654	0
1005	1	391	390	0
1006	1	352	1257	0
1007	1	244	705	0
1008	1	918	980	0
1009	1	870	179	0
1010	1	66	467	0
1011	1	766	406	0
1012	1	620	1325	0
1013	1	665	145	0
1014	1	1502	53	0
1015	1	941	115	0
1016	1	861	161	0
1017	1	1026	148	0
1018	1	1602	816	0
1019	1	1397	2087	0
1020	1	908	1897	0
1021	1	551	877	0
1022	1	561	716	0
1023	1	525	373	0
1024	1	818	553	0
1025	1	1499	932	0
1026	1	841	545	0
1027	1	562	455	0
1028	1	2284	1750	0
1029	1	994	701	0
1030	1	1006	518	0
1031	1	1192	276	0
1032	1	342	512	0
1033	1	1191	394	0
1034	1	348	980	0
1035	1	957	1127	0
1036	1	695	789	0
1037	1	1030	1675	0
1038	1	379	584	0
1039	1	966	1215	0
1040	1	1332	146	0
1041	1	546	454	0
1042	1	960	1056	0
1043	1	1815	1147	0
1044	1	1369	996	0
1045	1	1485	857	0
1046	1	598	973	0
1047	1	1200	1707	0
1048	1	1545	2483	0
1049	1	848	81	0
1050	1	515	997	0
1051	1	1078	1217	0
1052	1	475	967	0
1053	1	1340	285	0
1054	1	1025	1408	0
1055	1	1463	787	0
1056	1	164	368	0
1057	1	586	1179	0
1058	1	1000	578	0
1059	1	600	419	0
1060	1	819	776	0
1061	1	651	780	0
1062	1	546	556	0
1063	1	550	785	0
1064	1	698	1627	0
1065	1	1550	2728	0
1066	1	739	1253	0
1067	1	953	1678	0
1068	1	768	1297	0
1069	1	811	451	0
1070	1	1017	478	0
1071	1	1231	930	0
1072	1	608	906	0
1073	1	706	1215	0
1074	1	360	937	0
1075	1	461	1077	0
1076	1	137	213	0
1077	1	617	925	0
1078	1	222	358	0
1079	1	113	77	0
1080	1	252	470	0
1081	1	238	457	0
1082	1	1087	1466	0
1083	1	299	354	0
1084	1	322	523	0
1085	1	226	304	0
1086	1	222	289	0
1087	1	570	1179	0
1088	1	16	194	0
1089	1	286	266	0
1090	1	105	248	0
1091	1	67	172	0
1092	1	78	171	0
1093	1	85	256	0
1094	1	136	188	0
1095	1	232	389	0
1096	1	592	718	0
1097	1	242	482	0
1098	1	350	192	0
1099	1	397	157	0
1100	1	1353	595	0
1101	1	141	52	0
1102	1	574	258	0
1103	1	1226	754	0
1104	1	118	98	0
1105	1	453	199	0
1106	1	354	335	0
1107	1	327	758	0
1108	1	1745	406	0
1109	1	1797	363	0
1110	1	1365	430	0
1111	1	1732	225	0
1112	1	896	126	0
1113	1	930	432	0
1114	1	1179	128	0
1115	1	1140	1030	0
1116	1	1369	329	0
1117	1	2069	1684	0
1118	1	2420	572	0
1119	1	702	120	0
1120	1	1278	446	0
1121	1	2641	929	0
1122	1	1901	406	0
1123	1	610	497	0
1124	1	1783	316	0
1125	1	1502	989	0
1126	1	1046	917	0
1127	1	1235	311	0
1128	1	1472	107	0
1129	1	1391	389	0
1130	1	2003	392	0
1131	1	901	449	0
1132	1	909	1189	0
1133	1	852	707	0
1134	1	1463	387	0
1135	1	1383	442	0
1136	1	1302	277	0
1137	1	1127	1051	0
1138	1	2362	2417	0
1139	1	1097	1791	0
1140	1	903	1550	0
1141	1	1736	208	0
1142	1	1270	438	0
1143	1	1338	288	0
1144	1	1809	936	0
1145	1	1546	267	0
1146	1	1126	177	0
1147	1	421	389	0
1148	1	624	514	0
1149	1	972	256	0
1150	1	1765	254	0
1151	1	1681	471	0
1152	1	642	137	0
1153	1	1640	333	0
1154	1	1854	887	0
1155	1	613	232	0
1156	1	608	648	0
1157	1	919	381	0
1158	1	678	593	0
1159	1	949	1689	0
1160	1	830	660	0
1161	1	334	266	0
1162	1	859	185	0
1163	1	1136	2352	0
1164	1	1639	1540	0
1165	1	1128	767	0
1166	1	1229	1723	0
1167	1	839	667	0
1168	1	453	399	0
1169	1	1025	375	0
1170	1	596	22	0
1171	1	1044	672	0
1172	1	873	982	0
1173	1	1122	1741	0
1174	1	1044	363	0
1175	1	489	537	0
1176	1	1613	1310	0
1177	1	1390	67	0
1178	1	452	1054	0
1179	1	1885	1412	0
1180	1	602	894	0
1181	1	466	1409	0
1182	1	520	1093	0
1183	1	610	1944	0
1184	1	1077	124	0
1185	1	616	433	0
1186	1	457	38	0
1187	1	960	291	0
1188	1	1033	60	0
1189	1	472	30	0
1190	1	524	24	0
1191	1	1142	1124	0
1192	1	573	334	0
1193	1	2183	1312	0
1194	1	1334	112	0
1195	1	934	237	0
1196	1	652	44	0
1197	1	870	455	0
1198	1	887	1900	0
1199	1	862	243	0
1200	1	960	55	0
1201	1	144	787	0
1202	1	51	284	0
1203	1	463	2069	0
1204	1	295	1294	0
1205	1	368	1503	0
1206	1	273	546	0
1207	1	572	730	0
1208	1	397	795	0
1209	1	116	906	0
1210	1	319	1598	0
1211	1	648	825	0
1212	1	231	1260	0
1213	1	267	1231	0
1214	1	95	747	0
1215	1	322	696	0
1216	1	232	1070	0
1217	1	386	834	0
1218	1	360	1818	0
1219	1	450	1600	0
1220	1	345	1229	0
1221	1	559	1119	0
1222	1	228	779	0
1223	1	166	1005	0
1224	1	559	1315	0
1225	1	212	1665	0
1226	1	247	1495	0
1227	1	263	1867	0
1228	1	324	1634	0
1229	1	447	1825	0
1230	1	249	1117	0
1231	1	269	1099	0
1232	1	388	1788	0
1233	1	166	922	0
1234	1	152	762	0
1235	1	405	1383	0
1236	1	219	1103	0
1237	1	649	1191	0
1238	1	271	1612	0
1239	1	289	1720	0
1240	1	366	2420	0
1241	1	102	425	0
1242	1	108	605	0
1243	1	609	1556	0
1244	1	501	46	0
1245	1	302	866	0
1246	1	137	790	0
1247	1	710	2243	0
1248	1	1098	1408	0
1249	1	955	246	0
1250	1	786	578	0
1251	1	481	25	0
1252	1	1048	233	0
1253	1	694	1106	0
1254	1	236	991	0
1255	1	211	451	0
1256	1	248	772	0
1257	1	201	546	0
1258	1	345	824	0
1259	1	601	35	0
1260	1	614	186	0
1261	1	711	747	0
1262	1	650	888	0
1263	1	84	578	0
1264	1	93	744	0
1265	1	79	312	0
1266	1	802	2039	0
1267	1	373	1580	0
1268	1	588	634	0
1269	1	502	474	0
1270	1	205	942	0
1271	1	594	1041	0
1272	1	219	909	0
1273	1	375	1681	0
1274	1	383	1436	0
1275	1	336	1695	0
1276	1	675	2420	0
1277	1	613	1521	0
1278	1	434	1628	0
1279	1	424	488	0
1280	1	705	435	0
1281	1	408	682	0
1282	1	637	290	0
1283	1	109	685	0
1284	1	78	388	0
1285	1	257	1428	0
1286	1	279	1097	0
1287	1	251	367	0
1288	1	496	1573	0
1289	1	1303	2124	0
1290	1	1080	1145	0
1291	1	1345	613	0
1292	1	589	393	0
1293	1	636	517	0
1294	1	899	415	0
1295	1	989	1964	0
1296	1	314	883	0
1297	1	778	1161	0
1298	1	442	876	0
1299	1	270	443	0
1300	1	623	1319	0
1301	1	874	567	0
1302	1	541	968	0
1303	1	799	1623	0
1304	1	65	152	0
1305	1	611	770	0
1306	1	135	240	0
1307	1	235	625	0
1308	1	929	1319	0
1309	1	595	1223	0
1310	1	305	646	0
1311	1	370	628	0
1312	1	100	160	0
1313	1	125	206	0
1314	1	128	195	0
1315	1	532	340	0
1316	1	717	637	0
1317	1	807	439	0
1318	1	557	860	0
1319	1	954	559	0
1320	1	342	283	0
1321	1	556	684	0
1322	1	597	594	0
1323	1	980	1247	0
1324	1	387	2026	0
1325	1	721	698	0
1326	1	705	1210	0
1327	1	1735	310	0
1328	1	448	1859	0
1329	1	501	890	0
1330	1	359	810	0
1331	1	1710	2201	0
1332	1	282	737	0
1333	1	636	1229	0
1334	1	1023	1880	0
1335	1	751	356	0
1336	1	635	1265	0
1337	1	584	1341	0
1338	1	439	1691	0
1339	1	470	207	0
1340	1	556	2100	0
1341	1	322	1464	0
1342	1	1012	1037	0
1343	1	920	1581	0
1344	1	674	1161	0
1345	1	543	873	0
1346	1	1791	672	0
1347	1	122	426	0
1348	1	311	1110	0
1349	1	231	919	0
1350	1	210	909	0
1351	1	164	391	0
1352	1	369	1195	0
1353	1	253	639	0
1354	1	501	1355	0
1355	1	182	406	0
1356	1	190	607	0
1357	1	145	405	0
1358	1	563	1658	0
1359	1	504	1308	0
1360	1	184	533	0
1361	1	461	510	0
1362	1	474	1447	0
1363	1	81	448	0
1364	1	3060	2099	0
1365	1	1024	634	0
1366	1	80	486	0
1367	1	2710	1678	0
1368	1	2216	1447	0
1369	1	320	741	0
1370	1	669	1036	0
1371	1	329	415	0
1372	1	504	795	0
1373	1	3587	1577	0
1374	1	367	841	0
1375	1	879	937	0
1376	1	56	480	0
1377	1	558	633	0
1378	1	1517	1222	0
1379	1	543	709	0
1380	1	571	841	0
1381	1	1580	1631	0
1382	1	369	396	0
1383	1	455	311	0
1384	1	1001	186	0
1385	1	773	438	0
1386	1	1186	669	0
1387	1	471	505	0
1388	1	1472	992	0
1389	1	343	126	0
1390	1	1204	61	0
1391	1	682	386	0
1392	1	304	121	0
1393	1	367	109	0
1394	1	1198	102	0
1395	1	325	129	0
1396	1	1077	737	0
1397	1	1229	1179	0
1398	1	299	1125	0
1399	1	114	224	0
1400	1	620	1437	0
1401	1	720	1474	0
1402	1	270	615	0
1403	1	367	777	0
1404	1	152	411	0
1405	1	333	1491	0
1406	1	144	273	0
1407	1	253	420	0
1408	1	291	536	0
1409	1	394	822	0
1410	1	679	679	0
1411	1	316	936	0
1412	1	1007	1234	0
1413	1	551	907	0
1414	1	392	872	0
1415	1	500	886	0
1416	1	767	503	0
1417	1	507	462	0
1418	1	494	1197	0
1419	1	189	739	0
1420	1	526	539	0
1421	1	301	1458	0
1422	1	328	1030	0
1423	1	156	369	0
1424	1	424	1167	0
1425	1	166	616	0
1426	1	198	1060	0
1427	1	145	1119	0
1428	1	167	539	0
1429	1	1005	134	0
1430	1	258	981	0
1431	1	574	908	0
1432	1	309	1704	0
1433	1	401	563	0
1434	1	137	572	0
1435	1	363	539	0
1436	1	309	1074	0
1437	1	195	953	0
1438	1	305	574	0
1439	1	243	622	0
1440	1	232	1496	0
1441	1	307	1894	0
1442	1	163	614	0
1443	1	157	618	0
1444	1	280	1578	0
1445	1	277	865	0
1446	1	297	1519	0
1447	1	255	929	0
1448	1	265	952	0
1449	1	548	850	0
1450	1	456	1068	0
1451	1	395	1432	0
1452	1	150	1089	0
1453	1	527	2139	0
1454	1	582	1738	0
1455	1	322	1218	0
1456	1	196	568	0
1457	1	271	880	0
1458	1	142	862	0
1459	1	486	1237	0
1460	1	691	895	0
1461	1	296	1044	0
1462	1	258	717	0
1463	1	279	602	0
1464	1	269	517	0
1465	1	332	1852	0
1466	1	1058	90	0
1467	1	692	30	0
1468	1	521	717	0
1469	1	886	886	0
1470	1	740	1950	0
1471	1	537	88	0
1472	1	738	239	0
1473	1	467	1339	0
1474	1	408	957	0
1475	1	1566	72	0
1476	1	1316	1506	0
1477	1	1900	2176	0
1478	1	427	335	0
1479	1	1531	990	0
1480	1	570	17	0
1481	1	1681	1292	0
1482	1	504	679	0
1483	1	449	7	0
1484	1	912	757	0
1485	1	552	713	0
1486	1	915	311	0
1487	1	989	75	0
1488	1	460	1043	0
1489	1	488	369	0
1490	1	498	1502	0
1491	1	283	1028	0
1492	1	345	1235	0
1493	1	428	1776	0
1494	1	185	748	0
1495	1	119	648	0
1496	1	555	1386	0
1497	1	621	1811	0
1498	1	169	445	0
1499	1	202	969	0
1500	1	122	744	0
1501	1	326	1208	0
1502	1	669	1438	0
1503	1	90	835	0
1504	1	547	641	0
1505	1	791	936	0
1506	1	294	1246	0
1507	1	430	762	0
1508	1	416	1185	0
1509	1	241	1073	0
1510	1	345	1459	0
1511	1	518	1528	0
1512	1	901	1325	0
1513	1	808	971	0
1514	1	932	1119	0
1515	1	580	1029	0
1516	1	495	911	0
1517	1	190	884	0
1518	1	413	235	0
1519	1	297	312	0
1520	1	725	716	0
1521	1	436	1776	0
1522	1	736	1642	0
1523	1	1290	1275	0
1524	1	190	820	0
1525	1	515	1305	0
1526	1	412	1173	0
1527	1	236	234	0
1528	1	260	970	0
1529	1	596	1098	0
1530	1	854	1500	0
1531	1	541	1298	0
1532	1	588	1704	0
1533	1	1411	2616	0
1534	1	456	678	0
1535	1	700	803	0
1536	1	674	1449	0
1537	1	1988	4365	0
1538	1	739	1697	0
1539	1	894	2124	0
1540	1	1072	2382	0
1541	1	814	2226	0
1542	1	1179	2865	0
1543	1	1557	2083	0
1544	1	594	1326	0
1545	1	795	2271	0
1546	1	1184	2307	0
1547	1	3984	6409	0
1548	1	522	437	0
1549	1	317	892	0
1550	1	583	1514	0
1551	1	336	690	0
1552	1	267	566	0
1553	1	524	1309	0
1554	1	935	1943	0
1555	1	226	575	0
1556	1	233	975	0
1557	1	261	1231	0
1558	1	1059	2293	0
1559	1	991	2659	0
1560	1	704	999	0
1561	1	384	900	0
1562	1	994	1486	0
1563	1	428	967	0
1564	1	1378	1020	0
1565	1	559	1025	0
1566	1	857	2246	0
1567	1	439	1238	0
1568	1	658	891	0
1569	1	384	1250	0
1570	1	288	113	0
1571	1	698	1468	0
1572	1	645	2072	0
1573	1	872	1514	0
1574	1	768	1698	0
1575	1	331	744	0
1576	1	725	944	0
1577	1	118	199	0
1578	1	395	986	0
1579	1	225	520	0
1580	1	510	1090	0
1581	1	718	1326	0
1582	1	733	1516	0
1583	1	154	434	0
1584	1	138	296	0
1585	1	59	273	0
1586	1	41	111	0
1587	1	235	609	0
1588	1	411	845	0
1589	1	111	433	0
1590	1	80	163	0
1591	1	94	260	0
1592	1	30	68	0
1593	1	48	78	0
1594	1	192	705	0
1595	1	890	3203	0
1596	1	68	336	0
1597	1	19	124	0
1598	1	77	428	0
1599	1	68	349	0
1600	1	278	662	0
1601	1	35	181	0
1602	1	14	201	0
1603	1	118	193	0
1604	1	1378	1804	0
1605	1	67	32	0
1606	1	458	502	0
1607	1	1723	1070	0
1608	1	1306	970	0
1609	1	31	186	0
1610	1	1221	2012	0
1611	1	220	313	0
1612	1	35	97	0
1613	1	447	616	0
1614	1	309	445	0
1615	1	343	190	0
1616	1	295	280	0
1617	1	241	601	0
1618	1	166	409	0
1619	1	445	504	0
1620	1	1288	402	0
1621	1	452	192	0
1622	1	745	170	0
1623	1	126	124	0
1624	1	167	60	0
1625	1	1032	106	0
1626	1	237	185	0
1627	1	210	163	0
1628	1	103	57	0
1629	1	326	139	0
1630	1	1196	2832	0
1631	1	352	1999	0
1632	1	392	1281	0
1633	1	305	1434	0
1634	1	932	1842	0
1635	1	575	2373	0
1636	1	625	729	0
1637	1	431	1229	0
1638	1	277	1342	0
1639	1	340	1876	0
1640	1	556	3014	0
1641	1	552	806	0
1642	1	310	1599	0
1643	1	122	480	0
1644	1	443	2180	0
1645	1	316	174	0
1646	1	223	241	0
1647	1	122	53	0
1648	1	253	286	0
1649	1	69	129	0
1650	1	443	333	0
1651	1	325	1847	0
1652	1	181	532	0
1653	1	856	3159	0
1654	1	339	1490	0
1655	1	198	685	0
1656	1	929	228	0
1657	1	416	611	0
1659	1	126	1065	0
1660	1	337	1444	0
1661	1	452	1613	0
1662	1	199	547	0
1663	1	504	566	0
1664	1	153	1408	0
1665	1	325	1539	0
1666	1	207	1134	0
1667	1	763	2669	0
1668	1	404	1780	0
1669	1	339	1459	0
1670	1	655	2195	0
1671	1	606	265	0
1672	1	356	329	0
1673	1	112	743	0
1674	1	152	104	0
1675	1	704	229	0
1676	1	513	129	0
1677	1	264	1551	0
1678	1	99	39	0
1679	1	162	319	0
1680	1	46	300	0
1681	1	466	973	0
1682	1	405	445	0
1683	1	584	546	0
1684	1	64	346	0
1685	1	76	317	0
1686	1	467	1638	0
1687	1	566	1902	0
1688	1	428	1299	0
1689	1	235	660	0
1690	1	71	200	0
1691	1	137	553	0
1692	1	290	868	0
1693	1	220	666	0
1694	1	259	782	0
1695	1	153	619	0
1696	1	159	464	0
1697	1	346	788	0
1698	1	244	556	0
1699	1	232	678	0
1700	1	291	845	0
1701	1	271	979	0
1702	1	1394	2704	0
1703	1	559	985	0
1704	1	1109	2359	0
1705	1	1368	2111	0
1706	1	981	2598	0
1707	1	175	709	0
1708	1	225	1054	0
1709	1	474	1092	0
1710	1	945	2207	0
1711	1	151	661	0
1712	1	749	2388	0
1713	1	166	833	0
1714	1	653	183	0
1715	1	170	139	0
1716	1	306	75	0
1717	1	441	192	0
1718	1	604	184	0
1719	1	254	45	0
1720	1	1247	373	0
1721	1	970	357	0
1722	1	333	214	0
1723	1	763	484	0
1724	1	831	52	0
1725	1	374	123	0
1726	1	149	687	0
1727	1	517	1221	0
1728	1	918	1183	0
1729	1	122	236	0
1730	1	434	1677	0
1731	1	1151	882	0
1732	1	1266	817	0
1733	1	1006	1566	0
1734	1	1065	987	0
1735	1	465	1641	0
1736	1	876	1062	0
1737	1	668	2262	0
1738	1	1655	5015	0
1739	1	1365	2785	0
1740	1	1454	2250	0
1741	1	1428	3827	0
1742	1	599	1103	0
1743	1	850	617	0
1744	1	668	356	0
1745	1	753	1635	0
1746	1	908	2195	0
1747	1	493	1752	0
1748	1	343	1073	0
1749	1	1056	1822	0
1750	1	742	2432	0
1751	1	364	973	0
1752	1	646	52	0
1753	1	849	521	0
1754	1	547	893	0
1755	1	574	1262	0
1756	1	280	779	0
1757	1	530	1229	0
1758	1	941	266	0
1759	1	1377	388	0
1760	1	552	148	0
1761	1	1226	46	0
1762	1	272	1213	0
1763	1	300	552	0
1764	1	1741	2367	0
1765	1	879	1349	0
1766	1	779	1056	0
1767	1	290	1706	0
1768	1	391	1261	0
1769	1	1505	2681	0
1770	1	860	3215	0
1771	1	691	2033	0
1772	1	848	249	0
1773	1	459	1155	0
1774	1	249	1114	0
1775	1	424	514	0
1776	1	998	282	0
1777	1	1246	35	0
1778	1	224	151	0
1779	1	848	639	0
1780	1	157	473	0
1781	1	282	144	0
1782	1	188	92	0
1783	1	1224	827	0
1784	1	793	17	0
1785	1	2668	104	0
1786	1	1305	725	0
1787	1	313	481	0
1788	1	245	916	0
1789	1	489	1796	0
1790	1	949	2012	0
1791	1	831	2172	0
1792	1	835	2518	0
1793	1	479	1644	0
1794	1	782	442	0
1795	1	548	1131	0
1796	1	240	523	0
1797	1	380	379	0
1798	1	855	732	0
1799	1	467	324	0
1800	1	581	428	0
1801	1	383	1646	0
1802	1	247	841	0
1803	1	1241	1917	0
1804	1	710	1800	0
1805	1	853	2303	0
1806	1	591	651	0
1807	1	610	1133	0
1808	1	416	411	0
1809	1	593	2135	0
1810	1	936	738	0
1811	1	707	1558	0
1812	1	1226	1836	0
1813	1	520	1042	0
1814	1	516	807	0
1815	1	772	1246	0
1816	1	376	462	0
1817	1	540	902	0
1818	1	1417	2553	0
1819	1	1151	2349	0
1820	1	416	1534	0
1821	1	578	616	0
1822	1	525	1558	0
1823	1	855	1563	0
1824	1	783	2775	0
1825	1	465	1299	0
1826	1	361	697	0
1827	1	1124	1141	0
1828	1	689	1178	0
1829	1	284	884	0
1830	1	968	1934	0
1831	1	542	117	0
1832	1	364	422	0
1833	1	1098	647	0
1834	1	286	288	0
1835	1	775	457	0
1836	1	1074	1381	0
1837	1	1474	1919	0
1838	1	677	220	0
1839	1	886	975	0
1840	1	708	372	0
1841	1	1711	3486	0
1842	1	3806	2235	0
1843	1	1666	2393	0
1844	1	1983	3685	0
1845	1	1163	1673	0
1846	1	437	578	0
1847	1	509	534	0
1848	1	492	630	0
1849	1	769	872	0
1850	1	2024	2541	0
1851	1	496	1047	0
1852	1	214	182	0
1853	1	746	81	0
1854	1	1457	1699	0
1855	1	2227	2130	0
1856	1	1156	1515	0
1857	1	203	556	0
1858	1	322	550	0
1859	1	408	235	0
1860	1	240	388	0
1861	1	669	509	0
1862	1	646	424	0
1863	1	301	386	0
1864	1	579	1359	0
1865	1	202	1312	0
1866	1	127	668	0
1867	1	500	2186	0
1868	1	281	1520	0
1869	1	465	503	0
1870	1	272	576	0
1871	1	843	1030	0
1872	1	642	1476	0
1873	1	295	974	0
1874	1	416	1819	0
1875	1	684	2599	0
1876	1	2422	3256	0
1877	1	717	2085	0
1878	1	700	233	0
1879	1	822	2412	0
1880	1	1644	2399	0
1881	1	853	2552	0
1882	1	1775	2975	0
1883	1	728	1443	0
1884	1	623	1913	0
1885	1	169	979	0
1886	1	188	517	0
1887	1	539	2062	0
1888	1	580	1613	0
1889	1	215	955	0
1890	1	272	1241	0
1891	1	120	666	0
1892	1	336	1356	0
1893	1	1016	1905	0
1894	1	316	1161	0
1895	1	482	2199	0
1896	1	1417	223	0
1897	1	932	750	0
1898	1	3176	2825	0
1899	1	212	519	0
1900	1	553	470	0
1901	1	357	361	0
1902	1	443	821	0
1903	1	543	1197	0
1904	1	1058	2461	0
1905	1	1453	1345	0
1906	1	1575	281	0
1907	1	681	532	0
1908	1	943	889	0
1909	1	618	371	0
1910	1	934	1888	0
1911	1	173	239	0
1912	1	1361	310	0
1913	1	1002	772	0
1914	1	730	720	0
1915	1	536	367	0
1916	1	1492	2567	0
1917	1	616	496	0
1918	1	825	701	0
1919	1	760	735	0
1920	1	671	649	0
1921	1	245	462	0
1922	1	707	740	0
1923	1	233	440	0
1924	1	319	841	0
1925	1	555	344	0
1926	1	862	1496	0
1927	1	1005	95	0
1928	1	1373	208	0
1929	1	470	577	0
1930	1	1220	219	0
1931	1	1062	1228	0
1932	1	392	641	0
1933	1	611	765	0
1934	1	808	95	0
1935	1	1005	1173	0
1936	1	773	471	0
1937	1	755	1423	0
1938	1	463	599	0
1939	1	2048	1000	0
1940	1	681	724	0
1941	1	888	1238	0
1942	1	1185	1490	0
1943	1	711	696	0
1944	1	1571	165	0
1945	1	1410	866	0
1946	1	847	289	0
1947	1	523	440	0
1948	1	1797	662	0
1949	1	652	790	0
1950	1	1078	559	0
1951	1	1317	1440	0
1952	1	1439	1657	0
1953	1	3164	1481	0
1954	1	33	8	0
1955	1	952	206	0
1956	1	818	1757	0
1957	1	2123	951	0
1958	1	477	545	0
1959	1	1266	1200	0
1960	1	2423	1854	0
1961	1	1291	703	0
1962	1	1245	1034	0
1963	1	987	1880	0
1964	1	690	1440	0
1965	1	947	1602	0
1966	1	439	859	0
1967	1	1184	213	0
1968	1	640	137	0
1969	1	1124	783	0
1970	1	1040	252	0
1971	1	952	321	0
1972	1	2215	167	0
1973	1	1605	2183	0
1974	1	881	1283	0
1975	1	1612	1817	0
1976	1	1694	634	0
1977	1	587	269	0
1978	1	266	148	0
1979	1	1221	391	0
1980	1	900	432	0
1981	1	353	331	0
1982	1	165	137	0
1983	1	61	284	0
1984	1	765	1808	0
1985	1	627	587	0
1986	1	318	335	0
1987	1	348	263	0
1988	1	578	643	0
1989	1	682	379	0
1990	1	626	249	0
1991	1	399	638	0
1992	1	501	1150	0
1993	1	413	320	0
1994	1	831	868	0
1995	1	547	564	0
1996	1	446	418	0
1997	1	233	252	0
1998	1	290	274	0
1999	1	153	152	0
2000	1	404	421	0
2001	1	223	259	0
2002	1	888	642	0
2003	1	745	295	0
2004	1	261	222	0
2005	1	378	355	0
2006	1	458	504	0
2007	1	783	826	0
2008	1	656	39	0
2009	1	150	86	0
2010	1	506	490	0
2011	1	745	338	0
2012	1	278	275	0
2013	1	290	696	0
2014	1	398	191	0
2015	1	426	623	0
2016	1	365	376	0
2017	1	260	401	0
2018	1	644	1333	0
2019	1	157	213	0
2020	1	1261	2176	0
2021	1	15	51	0
2022	1	12	92	0
2023	1	146	259	0
2024	1	70	292	0
2025	1	533	1437	0
2026	1	867	1569	0
2027	1	776	1467	0
2028	1	1178	2031	0
2029	1	652	1061	0
2030	1	141	322	0
2031	1	627	385	0
2032	1	285	411	0
2033	1	86	56	0
2034	1	473	535	0
2035	1	352	720	0
2036	1	226	538	0
2037	1	53	208	0
2038	1	668	1514	0
2039	1	450	781	0
2040	1	135	362	0
2041	1	42	114	0
2042	1	560	1455	0
2043	1	327	294	0
2044	1	74	276	0
2045	1	134	396	0
2046	1	159	540	0
2047	1	481	770	0
2048	1	71	247	0
2049	1	214	349	0
2050	1	387	1040	0
2051	1	130	601	0
2052	1	570	693	0
2053	1	859	1191	0
2054	1	729	1722	0
2055	1	655	1681	0
2056	1	446	142	0
2057	1	741	2000	0
2058	1	314	402	0
2059	1	266	457	0
2060	1	909	934	0
2061	1	1035	1367	0
2062	1	518	619	0
2063	1	1191	689	0
2064	1	482	574	0
2065	1	873	242	0
2066	1	247	575	0
2067	1	214	150	0
2068	1	1297	250	0
2069	1	435	1039	0
2070	1	445	401	0
2071	1	188	753	0
2072	1	588	450	0
2073	1	247	390	0
2074	1	392	619	0
2075	1	60	587	0
2076	1	442	664	0
2077	1	400	1172	0
2078	1	373	1311	0
2079	1	674	289	0
2080	1	723	1765	0
2081	1	555	400	0
2082	1	236	546	0
2083	1	552	952	0
2084	1	161	1069	0
2085	1	248	389	0
2086	1	243	1155	0
2087	1	60	520	0
2088	1	204	875	0
2089	1	260	633	0
2090	1	99	290	0
2091	1	50	147	0
2092	1	191	659	0
2093	1	617	1335	0
2094	1	234	715	0
2095	1	115	337	0
2096	1	152	328	0
2097	1	326	1154	0
2098	1	391	1406	0
2099	1	775	1577	0
2100	1	304	755	0
2101	1	600	1015	0
2102	1	1149	1470	0
2103	1	931	1242	0
2104	1	552	965	0
2105	1	130	697	0
2106	1	199	1254	0
2107	1	269	972	0
2108	1	180	792	0
2109	1	416	1860	0
2110	1	396	1033	0
2111	1	429	1257	0
2112	1	762	2861	0
2113	1	371	906	0
2114	1	607	598	0
2115	1	142	52	0
2116	1	1623	72	0
2117	1	1598	179	0
2118	1	837	362	0
2119	1	1386	1955	0
2120	1	974	1290	0
2121	1	848	432	0
2122	1	975	286	0
2123	1	782	773	0
2124	1	662	657	0
2125	1	4	18	0
2126	1	1314	118	0
2127	1	1068	390	0
2128	1	801	177	0
2129	1	834	317	0
2130	1	1381	450	0
2131	1	961	959	0
2132	1	781	200	0
2133	1	1311	211	0
2134	1	1928	2365	0
2135	1	2968	2721	0
2136	1	3344	1539	0
2137	1	1672	1295	0
2138	1	1560	2141	0
2139	1	1155	1825	0
2140	1	1198	1053	0
2141	1	935	2176	0
2142	1	849	436	0
2143	1	822	1072	0
2144	1	949	1098	0
2145	1	607	974	0
2146	1	1111	200	0
2147	1	996	1091	0
2148	1	837	986	0
2149	1	1983	871	0
2150	1	1145	1409	0
2151	1	1793	189	0
2152	1	2137	622	0
2153	1	1373	832	0
2154	1	1153	494	0
2155	1	1385	974	0
2156	1	1119	845	0
2157	1	858	838	0
2158	1	760	528	0
2159	1	2109	589	0
2160	1	629	714	0
2161	1	2254	415	0
2162	1	2027	506	0
2163	1	1625	714	0
2164	1	4035	2796	0
2165	1	1929	2455	0
2166	1	542	1703	0
2167	1	3871	2400	0
2168	1	848	1486	0
2169	1	1246	1090	0
2170	1	3425	1966	0
2171	1	1458	127	0
2172	1	1148	891	0
2173	1	1557	68	0
2174	1	1248	615	0
2175	1	490	595	0
2176	1	975	1186	0
2177	1	667	1042	0
2178	1	1072	1528	0
2179	1	2876	669	0
2180	1	2967	671	0
2181	1	2410	3133	0
2182	1	2494	1610	0
2183	1	1498	368	0
2184	1	1476	362	0
2185	1	1674	651	0
2186	1	1683	145	0
2187	1	989	36	0
2188	1	862	43	0
2189	1	931	1310	0
2190	1	923	437	0
2191	1	683	323	0
2192	1	1036	356	0
2193	1	1208	209	0
2194	1	2108	469	0
2195	1	739	867	0
2196	1	799	775	0
2197	1	963	1087	0
2198	1	601	627	0
2199	1	1192	254	0
2200	1	1177	1898	0
2201	1	1135	121	0
2202	1	525	847	0
2203	1	579	795	0
2204	1	542	394	0
2205	1	1232	86	0
2206	1	1105	428	0
2207	1	1340	353	0
2208	1	1415	209	0
2209	1	652	225	0
2210	1	1706	339	0
2211	1	1331	831	0
2212	1	985	826	0
2213	1	938	531	0
2214	1	1064	257	0
2215	1	742	276	0
2216	1	561	263	0
2217	1	1082	908	0
2218	1	733	331	0
2219	1	2769	1719	0
2220	1	1019	198	0
2221	1	1804	192	0
2222	1	825	306	0
2223	1	558	546	0
2224	1	579	829	0
2225	1	895	343	0
2226	1	1502	262	0
2227	1	1347	169	0
2228	1	1361	39	0
2229	1	647	544	0
2230	1	509	667	0
2231	1	1303	2202	0
2232	1	2140	2506	0
2233	1	3772	660	0
2234	1	638	1002	0
2235	1	1576	2517	0
2236	1	1673	442	0
2237	1	3638	3532	0
2238	1	1042	1486	0
2239	1	1660	2178	0
2240	1	1894	257	0
2241	1	1380	123	0
2242	1	810	442	0
2243	1	1348	1819	0
2244	1	765	1011	0
2245	1	508	874	0
2246	1	1114	1455	0
2247	1	2065	459	0
2248	1	1628	2510	0
2249	1	1571	2407	0
2250	1	1192	219	0
2251	1	953	367	0
2252	1	1593	514	0
2253	1	1407	76	0
2254	1	573	651	0
2255	1	615	700	0
2256	1	885	1191	0
2257	1	1564	2699	0
2258	1	679	724	0
2259	1	3042	1502	0
2260	1	2780	921	0
2261	1	1562	878	0
2262	1	1374	2308	0
2263	1	1367	1880	0
2264	1	3526	429	0
2265	1	4764	1665	0
2266	1	5089	1427	0
2267	1	591	1051	0
2268	1	975	290	0
2269	1	1095	493	0
2270	1	987	1517	0
2271	1	1023	1207	0
2272	1	2281	1398	0
2273	1	1379	116	0
2274	1	1266	1257	0
2275	1	1859	791	0
2276	1	2636	387	0
2277	1	1767	718	0
2278	1	1056	1410	0
2279	1	674	647	0
2280	1	932	952	0
2281	1	1775	437	0
2282	1	923	310	0
2283	1	1580	1739	0
2284	1	690	1307	0
2285	1	2	44	0
2286	1	39	98	0
2287	1	745	766	0
2288	1	876	529	0
2289	1	1357	91	0
2290	1	1393	142	0
2291	1	865	393	0
2292	1	1462	495	0
2293	1	2223	429	0
2294	1	1755	115	0
2295	1	1558	689	0
2296	1	1166	272	0
2297	1	1203	183	0
2298	1	1029	777	0
2299	1	565	871	0
2300	1	644	1037	0
2301	1	987	895	0
2302	1	2785	1322	0
2303	1	605	664	0
2304	1	634	1125	0
2305	1	999	2201	0
2306	1	3541	1011	0
2307	1	2570	1102	0
2308	1	2868	1878	0
2309	1	1005	735	0
2310	1	109	40	0
2311	1	304	689	0
2312	1	132	215	0
2313	1	403	347	0
2314	1	1386	1755	0
2315	1	700	1023	0
2316	1	942	1656	0
2317	1	955	2485	0
2318	1	718	1881	0
2319	1	891	1676	0
2320	1	801	1479	0
2321	1	498	905	0
2322	1	2362	2038	0
2323	1	593	2223	0
2324	1	336	945	0
2325	1	511	1057	0
2326	1	403	590	0
2327	1	399	1372	0
2328	1	744	1906	0
2329	1	433	1984	0
2330	1	887	1837	0
2331	1	332	551	0
2332	1	475	1003	0
2333	1	101	213	0
2334	1	557	1269	0
2335	1	653	1068	0
2336	1	517	1208	0
2337	1	75	220	0
2338	1	296	490	0
2339	1	460	909	0
2340	1	397	978	0
2341	1	79	323	0
2342	1	141	361	0
2343	1	415	889	0
2344	1	324	635	0
2345	1	562	1059	0
2346	1	552	1068	0
2347	1	412	835	0
2348	1	476	696	0
2349	1	266	721	0
2350	1	307	1013	0
2351	1	598	1768	0
2352	1	190	767	0
2353	1	611	1773	0
2354	1	141	317	0
2355	1	160	446	0
2356	1	321	854	0
2357	1	275	951	0
2358	1	205	686	0
2359	1	100	345	0
2360	1	406	1046	0
2361	1	299	1115	0
2362	1	148	354	0
2363	1	241	696	0
2364	1	370	1184	0
2365	1	165	464	0
2366	1	207	152	0
2367	1	518	1139	0
2368	1	799	1966	0
2369	1	339	1354	0
2370	1	3783	8034	0
2371	1	794	2040	0
2372	1	452	1076	0
2373	1	903	2196	0
2374	1	877	1561	0
2375	1	469	93	0
2376	1	873	1389	0
2377	1	1140	2626	0
2378	1	801	1552	0
2379	1	286	1536	0
2380	1	1250	2140	0
2381	1	516	1438	0
2382	1	422	1098	0
2383	1	437	861	0
2384	1	679	1343	0
2385	1	655	169	0
2386	1	415	207	0
2387	1	577	1748	0
2388	1	267	1005	0
2389	1	382	969	0
2390	1	265	1006	0
2391	1	926	682	0
2392	1	226	1761	0
2393	1	290	1257	0
2394	1	551	270	0
2395	1	394	319	0
2396	1	724	405	0
2397	1	346	993	0
2398	1	303	1351	0
2399	1	601	365	0
2400	1	273	1036	0
2401	1	584	1726	0
2402	1	772	1989	0
2403	1	275	655	0
2404	1	1039	1976	0
2405	1	1029	2374	0
2406	1	1082	1947	0
2407	1	208	1549	0
2408	1	414	1073	0
2409	1	216	1643	0
2410	1	1057	1698	0
2411	1	680	1543	0
2412	1	1380	1834	0
2413	1	565	1159	0
2414	1	286	889	0
2415	1	402	830	0
2416	1	940	885	0
2417	1	676	805	0
2418	1	2358	1818	0
2419	1	1889	1378	0
2420	1	1784	125	0
2421	1	2973	1493	0
2422	1	797	401	0
2423	1	1143	740	0
2424	1	1360	789	0
2425	1	589	462	0
2426	1	2413	1477	0
2427	1	1581	1006	0
2428	1	2855	144	0
2429	1	2121	917	0
2430	1	1771	263	0
2431	1	1310	58	0
2432	1	1394	837	0
2433	1	459	449	0
2434	1	1450	724	0
2435	1	859	678	0
2436	1	1722	1283	0
2437	1	1552	1367	0
2438	1	896	615	0
2439	1	2312	591	0
2440	1	1050	276	0
2441	1	950	607	0
2442	1	819	1012	0
2443	1	2212	1114	0
2444	1	755	601	0
2445	1	784	584	0
2446	1	853	466	0
2447	1	758	265	0
2448	1	1239	454	0
2449	1	898	515	0
2450	1	2059	2169	0
2451	1	1358	1334	0
2452	1	1070	1682	0
2453	1	1506	1275	0
2454	1	3865	4490	0
2455	1	2256	1779	0
2456	1	3499	2172	0
2457	1	5138	2390	0
2458	1	1494	1285	0
2459	1	1878	1360	0
2460	1	974	429	0
2461	1	1639	685	0
2462	1	517	413	0
2463	1	1586	901	0
2464	1	876	625	0
2465	1	1319	848	0
2466	1	613	452	0
2467	1	980	808	0
2468	1	1014	572	0
2469	1	1099	687	0
2470	1	1210	804	0
2471	1	831	609	0
2472	1	2104	1608	0
2473	1	1305	1046	0
2474	1	1111	514	0
2475	1	1212	446	0
2476	1	849	381	0
2477	1	1301	974	0
2478	1	1098	952	0
2479	1	1304	647	0
2480	1	977	1443	0
2481	1	1431	1000	0
2482	1	1833	1089	0
2483	1	839	521	0
2484	1	1038	569	0
2485	1	1255	791	0
2486	1	983	1149	0
2487	1	1402	1627	0
2488	1	1545	1062	0
2489	1	1221	1099	0
2490	1	1805	1844	0
2491	1	3389	3118	0
2492	1	1477	1686	0
2493	1	1641	1223	0
2494	1	1505	1460	0
2495	1	7519	5147	0
2496	1	1552	1230	0
2497	1	2533	1370	0
2498	1	1153	1060	0
2499	1	2031	2377	0
2500	1	1001	1326	0
2501	1	1108	649	0
2502	1	1289	1621	0
2503	1	815	1421	0
2504	1	375	509	0
2505	1	773	1248	0
2506	1	973	1539	0
2507	1	1845	2744	0
2508	1	1167	1443	0
2509	1	2713	3819	0
2510	1	1383	2061	0
2511	1	1106	1165	0
2512	1	2917	3106	0
2513	1	889	1651	0
2514	1	2915	2959	0
2515	1	1004	1400	0
2516	1	1722	1399	0
2517	1	1034	1702	0
2518	1	2117	1108	0
2519	1	1969	2176	0
2520	1	1442	1741	0
2521	1	1012	947	0
2522	1	1551	2319	0
2523	1	2611	1149	0
2524	1	2510	772	0
2525	1	557	391	0
2526	1	1959	129	0
2527	1	1627	648	0
2528	1	1386	460	0
2529	1	887	988	0
2530	1	629	296	0
2531	1	2441	244	0
2532	1	4001	2089	0
2533	1	2431	424	0
2534	1	718	846	0
2535	1	2245	835	0
2536	1	2923	1595	0
2537	1	3417	1558	0
2538	1	434	338	0
2539	1	1527	594	0
2540	1	1542	1018	0
2541	1	4865	781	0
2542	1	1560	1149	0
2543	1	1935	299	0
2544	1	864	623	0
2545	1	794	376	0
2546	1	91	55	0
2547	1	1174	981	0
2548	1	1925	934	0
2549	1	1240	491	0
2550	1	1001	1359	0
2551	1	1209	427	0
2552	1	775	418	0
2553	1	3066	646	0
2554	1	924	1146	0
2555	1	734	1049	0
2556	1	1243	2328	0
2557	1	1888	2309	0
2558	1	1258	2072	0
2559	1	1507	3237	0
2560	1	221	397	0
2561	1	1279	1337	0
2562	1	2415	2278	0
2563	1	2460	769	0
2564	1	2918	201	0
2565	1	1428	683	0
2566	1	1262	496	0
2567	1	888	671	0
2568	1	972	1030	0
2569	1	1564	66	0
2570	1	1616	387	0
2571	1	1287	558	0
2572	1	1388	1093	0
2573	1	1164	440	0
2574	1	881	811	0
2575	1	2697	638	0
2576	1	1253	1913	0
2577	1	1757	1580	0
2578	1	827	1236	0
2579	1	1111	1715	0
2580	1	2462	3432	0
2581	1	1019	2229	0
2582	1	1119	63	0
2583	1	789	451	0
2584	1	1658	1748	0
2585	1	1565	2742	0
2586	1	2092	1410	0
2587	1	2365	1434	0
2588	1	2955	2193	0
2589	1	1086	973	0
2590	1	1499	1364	0
2591	1	310	692	0
2592	1	892	1307	0
2593	1	1618	1000	0
2594	1	776	1018	0
2595	1	1921	1296	0
2596	1	1285	874	0
2597	1	1033	636	0
2598	1	1820	1766	0
2599	1	996	1233	0
2600	1	1253	495	0
2601	1	1368	569	0
2602	1	1977	609	0
2603	1	587	513	0
2604	1	1117	937	0
2605	1	2727	486	0
2606	1	1263	251	0
2607	1	46	179	0
2608	1	498	1900	0
2609	1	311	1604	0
2610	1	116	659	0
2611	1	61	195	0
2612	1	419	1656	0
2613	1	214	1111	0
2614	1	509	575	0
2615	1	396	1822	0
2616	1	140	701	0
2617	1	755	1694	0
2618	1	470	1293	0
2619	1	498	1898	0
2620	1	318	1675	0
2621	1	43	320	0
2622	1	534	1308	0
2623	1	212	889	0
2624	1	234	1147	0
2625	1	586	1982	0
2626	1	58	222	0
2627	1	16	120	0
2628	1	27	136	0
2629	1	15	90	0
2630	1	15	78	0
2631	1	106	337	0
2632	1	212	670	0
2633	1	534	1920	0
2634	1	291	716	0
2635	1	38	231	0
2636	1	269	206	0
2637	1	161	847	0
2638	1	113	267	0
2639	1	51	252	0
2640	1	20	120	0
2641	1	562	875	0
2642	1	361	737	0
2643	1	652	548	0
2644	1	1796	1458	0
2645	1	2834	2088	0
2646	1	343	406	0
2647	1	1298	81	0
2648	1	1315	51	0
2649	1	307	903	0
2650	1	693	1138	0
2651	1	437	326	0
2652	1	266	471	0
2653	1	110	118	0
2654	1	380	370	0
2655	1	1078	151	0
2656	1	448	33	0
2657	1	3228	3593	0
2658	1	1516	3440	0
2659	1	1032	2089	0
2660	1	1491	600	0
2661	1	2971	4057	0
2662	1	646	1306	0
2663	1	558	815	0
2664	1	940	339	0
2665	1	9315	5542	0
2666	1	2832	990	0
2667	1	1233	171	0
2668	1	1128	406	0
2669	1	1480	554	0
2670	1	2064	728	0
2671	1	710	1442	0
2672	1	1598	522	0
2673	1	3026	2087	0
2674	1	1091	612	0
2675	1	658	997	0
2676	1	1928	2055	0
2677	1	670	1110	0
2678	1	1431	635	0
2679	1	1245	427	0
2680	1	654	502	0
2681	1	450	256	0
2682	1	915	582	0
2683	1	646	155	0
2684	1	1913	608	0
2685	1	1281	362	0
2686	1	503	352	0
2687	1	883	431	0
2688	1	5763	2164	0
2689	1	226	334	0
2690	1	676	798	0
2691	1	585	881	0
2692	1	785	771	0
