1	91	83	0
2	87	80	0
3	44	41	0
4	56	52	0
5	157	160	0
6	54	56	0
7	20	20	0
8	60	70	0
9	113	134	0
10	37	64	0
11	73	95	0
12	177	229	0
13	34	43	0
14	92	112	0
15	74	91	0
16	106	100	0
17	105	121	0
18	105	121	0
19	28	87	0
20	62	75	0
21	97	114	0
22	29	28	0
23	75	72	0
24	52	50	0
25	124	147	0
26	190	198	0
27	68	71	0
28	201	190	0
29	31	29	0
30	20	19	0
31	33	33	0
32	131	170	0
33	147	191	0
34	155	200	0
35	119	155	0
36	163	212	0
37	62	94	0
38	129	197	0
39	95	122	0
40	95	123	0
41	24	31	0
42	8	3	0
43	0	0	0
44	79	104	0
45	238	186	0
46	162	52	0
47	177	68	0
48	224	139	0
49	240	80	0
50	195	47	0
51	252	46	0
52	177	77	0
53	168	40	0
54	206	67	0
55	219	79	0
56	163	86	0
57	15	8	0
58	70	38	0
59	78	82	0
60	207	103	0
61	16	15	0
62	45	44	0
63	135	113	0
64	185	37	0
65	53	18	0
66	63	20	0
67	163	65	0
68	113	72	0
69	21	14	0
70	10	6	0
71	16	20	0
72	19	24	0
73	147	20	0
74	202	26	0
75	27	23	0
76	147	194	0
77	16	22	0
78	80	121	0
79	115	118	0
80	56	57	0
81	119	112	0
82	110	154	0
83	62	87	0
84	35	49	0
85	47	67	0
86	100	140	0
87	11	15	0
88	37	52	0
89	47	88	0
90	50	95	0
91	122	147	0
92	141	208	0
93	53	79	0
94	26	38	0
95	199	332	0
96	82	107	0
97	76	101	0
98	70	92	0
99	74	97	0
100	200	284	0
101	126	180	0
102	108	143	0
103	161	132	0
104	96	77	0
105	108	86	0
106	112	90	0
107	103	83	0
108	174	165	0
109	56	69	0
110	75	139	0
111	123	161	0
112	33	58	0
113	42	72	0
114	65	52	0
115	42	43	0
116	171	175	0
117	79	152	0
118	45	86	0
119	186	184	0
120	2	1	0
121	0	0	0
122	74	87	0
123	96	114	0
124	59	61	0
125	60	58	0
126	45	42	0
127	132	210	0
128	119	189	0
129	76	89	0
130	151	178	0
131	110	129	0
132	109	128	0
133	139	163	0
134	81	95	0
135	72	85	0
136	94	111	0
137	65	77	0
138	81	96	0
139	103	121	0
140	153	180	0
141	77	90	0
142	143	179	0
143	137	171	0
144	150	189	0
145	117	147	0
146	85	145	0
147	122	157	0
148	94	165	0
149	118	207	0
150	86	151	0
151	76	133	0
152	140	154	0
153	130	113	0
154	100	102	0
155	104	110	0
156	0	0	0
157	259	153	0
158	257	208	0
159	67	14	0
160	62	12	0
161	61	12	0
162	67	13	0
163	342	105	0
164	217	100	0
165	132	59	0
166	192	218	0
167	94	55	0
168	84	82	0
169	154	97	0
170	55	39	0
171	128	93	0
172	150	77	0
173	129	94	0
174	92	60	0
175	220	145	0
176	114	82	0
177	86	67	0
178	86	68	0
179	31	5	0
180	86	58	0
181	82	107	0
182	39	29	0
183	140	119	0
184	80	43	0
185	134	87	0
186	310	34	0
187	124	13	0
188	50	58	0
189	288	69	0
190	118	28	0
191	130	31	0
192	242	58	0
193	210	87	0
194	310	305	0
195	475	468	0
196	206	243	0
197	457	539	0
198	310	491	0
199	410	652	0
200	151	228	0
201	244	368	0
202	178	269	0
203	0	0	0
204	173	227	0
205	194	253	0
206	204	294	0
207	205	296	0
208	227	332	0
209	239	350	0
210	225	385	0
211	278	477	0
212	273	511	0
213	262	491	0
214	287	382	0
215	180	240	0
216	244	323	0
217	215	284	0
218	152	201	0
219	170	226	0
220	168	222	0
221	199	264	0
222	329	534	0
223	260	422	0
224	331	537	0
225	309	501	0
226	92	171	0
227	109	204	0
228	87	163	0
229	428	487	0
230	386	439	0
231	242	275	0
232	286	326	0
233	71	108	0
234	329	329	0
235	295	295	0
236	344	344	0
237	180	263	0
238	243	394	0
239	300	427	0
240	202	341	0
241	318	578	0
242	262	538	0
243	282	539	0
244	3	4	0
245	0	0	0
246	0	0	0
247	109	157	0
248	192	277	0
249	101	233	0
250	46	108	0
251	6	9	0
252	432	518	0
253	577	583	0
254	542	802	0
255	268	319	0
256	542	772	0
257	290	383	0
258	591	665	0
259	196	173	0
260	269	237	0
261	248	298	0
262	226	171	0
263	277	144	0
264	250	258	0
265	511	321	0
266	481	243	0
267	353	222	0
268	332	352	0
269	214	158	0
270	279	171	0
271	223	121	0
272	124	75	0
273	228	186	0
274	346	191	0
275	337	225	0
276	272	144	0
277	121	57	0
278	308	195	0
279	386	302	0
280	432	192	0
281	380	283	0
282	301	248	0
283	262	161	0
284	435	498	0
285	290	353	0
286	193	131	0
287	304	264	0
288	466	338	0
289	480	402	0
290	329	259	0
291	163	221	0
292	244	213	0
293	433	461	0
294	527	720	0
295	479	950	0
296	457	488	0
297	434	737	0
298	124	222	0
299	120	215	0
300	113	203	0
301	166	337	0
302	153	311	0
303	135	274	0
304	108	218	0
305	109	221	0
306	143	292	0
307	151	308	0
308	126	258	0
309	0	0	0
310	102	211	0
311	141	279	0
312	171	259	0
313	157	289	0
314	124	193	0
315	140	173	0
316	109	143	0
317	137	169	0
318	156	317	0
319	276	510	0
320	177	281	0
321	257	408	0
322	239	441	0
323	136	233	0
324	196	397	0
325	72	147	0
326	253	447	0
327	107	191	0
328	100	159	0
329	176	251	0
330	71	103	0
331	113	249	0
332	171	295	0
333	110	207	0
334	88	194	0
335	131	279	0
336	129	274	0
337	35	72	0
338	84	172	0
339	59	120	0
340	114	241	0
341	93	206	0
342	169	380	0
343	96	205	0
344	121	248	0
345	140	288	0
346	112	230	0
347	76	265	0
348	96	334	0
349	84	160	0
350	107	213	0
351	64	116	0
352	162	312	0
353	137	261	0
354	159	285	0
355	78	147	0
356	72	147	0
357	111	212	0
358	108	194	0
359	77	195	0
360	64	159	0
361	117	287	0
362	206	258	0
363	203	255	0
364	202	253	0
365	217	272	0
366	180	337	0
367	212	367	0
368	177	389	0
369	302	591	0
370	260	620	0
371	171	381	0
372	187	440	0
373	279	604	0
374	109	239	0
375	92	198	0
376	110	255	0
377	0	0	0
378	131	284	0
379	82	175	0
380	95	210	0
381	211	131	0
382	82	57	0
383	110	96	0
384	153	159	0
385	237	180	0
386	60	49	0
387	80	72	0
388	70	68	0
389	89	66	0
390	210	126	0
391	86	64	0
392	89	102	0
393	49	56	0
394	51	93	0
395	137	101	0
396	76	67	0
397	162	140	0
398	160	138	0
399	157	136	0
400	86	116	0
401	54	67	0
402	124	166	0
403	70	49	0
404	124	116	0
405	104	122	0
406	54	113	0
407	31	43	0
408	95	191	0
409	90	110	0
410	78	186	0
411	32	76	0
412	30	73	0
413	54	103	0
414	36	67	0
415	45	86	0
416	174	274	0
417	70	86	0
418	24	34	0
419	43	68	0
420	57	84	0
421	45	65	0
422	44	64	0
423	96	116	0
424	102	90	0
425	44	36	0
426	70	117	0
427	106	100	0
428	70	124	0
429	46	68	0
430	111	124	0
431	15	16	0
432	102	141	0
433	60	82	0
434	142	118	0
435	11	13	0
436	103	238	0
437	6	15	0
438	68	87	0
439	84	126	0
440	55	68	0
441	44	55	0
442	33	72	0
443	6	14	0
444	99	233	0
445	13	30	0
446	15	36	0
447	81	95	0
448	304	396	0
449	215	382	0
450	329	518	0
451	358	478	0
452	422	662	0
453	27	47	0
454	0	0	0
455	119	212	0
456	108	185	0
457	119	200	0
458	110	195	0
459	154	265	0
460	75	177	0
461	107	225	0
462	101	219	0
463	129	244	0
464	104	132	0
465	141	196	0
466	132	163	0
467	115	148	0
468	113	149	0
469	47	102	0
470	110	211	0
471	15	33	0
472	22	42	0
473	18	32	0
474	14	25	0
475	14	20	0
476	14	22	0
477	9	15	0
478	17	29	0
479	20	28	0
480	7	14	0
481	18	29	0
482	17	41	0
483	8	18	0
484	8	13	0
485	14	20	0
486	1	2	0
487	9	17	0
488	0	0	0
489	0	0	0
490	0	0	0
491	8	13	0
492	2	4	0
493	91	223	0
494	40	99	0
495	0	0	0
496	33	66	0
497	199	368	0
498	202	385	0
499	0	1	0
500	0	0	0
501	0	0	0
502	62	85	0
503	76	96	0
504	144	254	0
505	146	176	0
506	163	198	0
507	65	136	0
508	63	116	0
509	98	201	0
510	35	88	0
511	112	248	0
512	62	149	0
513	133	296	0
514	113	253	0
515	130	294	0
516	0	0	0
517	119	216	0
518	125	246	0
519	83	176	0
520	42	77	0
521	122	283	0
522	109	201	0
523	107	198	0
524	95	175	0
525	1	1	0
526	84	188	0
527	100	173	0
528	73	182	0
529	119	208	0
530	104	182	0
531	113	199	0
532	113	199	0
533	24	62	0
534	93	246	0
535	109	106	0
536	111	147	0
537	87	116	0
538	0	0	0
539	295	343	0
540	335	396	0
541	396	466	0
542	285	296	0
543	261	255	0
544	289	319	0
545	336	346	0
546	5	6	0
547	4	5	0
548	102	222	0
549	90	227	0
550	69	195	0
551	48	85	0
552	44	78	0
553	42	76	0
554	42	77	0
555	47	105	0
556	89	165	0
557	117	216	0
558	136	251	0
559	130	242	0
560	41	76	0
561	335	291	0
562	0	0	0
563	20	14	0
564	52	50	0
565	110	105	0
566	45	106	0
567	87	121	0
568	42	59	0
569	0	1	0
570	59	33	0
571	148	187	0
572	227	258	0
573	84	96	0
574	209	237	0
575	182	206	0
576	219	249	0
577	157	178	0
578	70	79	0
579	11	13	0
580	121	137	0
581	155	174	0
582	148	166	0
583	133	149	0
584	165	184	0
585	177	198	0
586	77	87	0
587	154	173	0
588	178	200	0
589	98	187	0
590	49	94	0
591	44	98	0
592	56	109	0
593	107	261	0
594	64	56	0
595	133	116	0
596	56	78	0
597	53	74	0
598	52	73	0
599	44	62	0
600	60	136	0
601	81	114	0
602	119	239	0
603	65	131	0
604	30	61	0
605	160	226	0
606	179	252	0
607	158	225	0
608	48	99	0
609	83	174	0
610	26	67	0
611	43	110	0
612	38	100	0
613	33	85	0
614	0	0	0
615	53	180	0
616	13	23	0
617	33	103	0
618	31	98	0
619	31	100	0
620	1	5	0
621	41	129	0
622	11	36	0
623	2	35	0
624	63	99	0
625	68	159	0
626	70	94	0
627	13	18	0
628	28	39	0
629	72	193	0
630	35	97	0
631	78	192	0
632	13	34	0
633	42	98	0
634	46	102	0
635	7	15	0
636	89	107	0
637	93	111	0
638	65	101	0
639	44	58	0
640	18	24	0
641	84	83	0
642	15	15	0
643	18	56	0
644	30	92	0
645	28	65	0
646	26	63	0
647	34	45	0
648	47	64	0
649	65	185	0
650	56	162	0
651	6	24	0
652	32	149	0
653	30	68	0
654	34	79	0
655	24	80	0
656	40	138	0
657	56	55	0
658	93	104	0
659	54	110	0
660	95	151	0
661	100	132	0
662	48	97	0
663	32	64	0
664	53	65	0
665	44	53	0
666	51	63	0
667	68	143	0
668	98	208	0
669	60	64	0
670	6	6	0
671	44	47	0
672	7	34	0
673	35	190	0
674	47	67	0
675	1	1	0
676	0	0	0
677	61	80	0
678	64	83	0
679	69	91	0
680	64	83	0
681	83	124	0
682	59	192	0
683	7	40	0
684	62	130	0
685	6	13	0
686	30	91	0
687	32	83	0
688	41	107	0
689	79	108	0
690	91	147	0
691	61	123	0
692	50	140	0
693	26	75	0
694	170	200	0
695	193	220	0
696	127	99	0
697	282	217	0
698	138	139	0
699	210	148	0
700	205	145	0
701	100	71	0
702	220	154	0
703	211	148	0
704	88	62	0
705	116	82	0
706	98	69	0
707	0	0	0
708	106	212	0
709	57	165	0
710	211	257	0
711	196	240	0
712	125	152	0
713	78	38	0
714	182	169	0
715	133	123	0
716	181	263	0
717	80	85	0
718	123	130	0
719	21	123	0
720	110	185	0
721	84	113	0
722	99	133	0
723	188	188	0
724	82	83	0
725	147	120	0
726	123	100	0
727	140	115	0
728	133	109	0
729	134	110	0
730	111	91	0
731	188	249	0
732	135	180	0
733	157	209	0
734	87	115	0
735	161	214	0
736	29	31	0
737	240	257	0
738	81	123	0
739	91	139	0
740	129	179	0
741	152	168	0
742	129	157	0
743	143	174	0
744	178	217	0
745	150	183	0
746	92	103	0
747	120	135	0
748	175	197	0
749	216	168	0
750	214	137	0
751	204	130	0
752	133	98	0
753	208	133	0
754	143	105	0
755	165	120	0
756	127	93	0
757	192	150	0
758	170	132	0
759	119	99	0
760	169	140	0
761	132	109	0
762	126	104	0
763	52	134	0
764	66	307	0
765	74	56	0
766	170	127	0
767	102	197	0
768	73	100	0
769	36	49	0
770	190	184	0
771	156	153	0
772	175	170	0
773	122	118	0
774	127	123	0
775	53	52	0
776	128	124	0
777	0	0	0
778	137	144	0
779	184	213	0
780	172	201	0
781	22	26	0
782	150	303	0
783	83	61	0
784	118	86	0
785	22	16	0
786	16	23	0
787	54	90	0
788	65	144	0
789	31	69	0
790	43	60	0
791	159	159	0
792	110	88	0
793	89	62	0
794	24	32	0
795	104	112	0
796	43	33	0
797	141	175	0
798	89	105	0
799	111	133	0
800	145	145	0
801	156	152	0
802	150	182	0
803	64	75	0
804	123	218	0
805	9	16	0
806	107	98	0
807	151	220	0
808	117	83	0
809	14	23	0
810	145	135	0
811	120	109	0
812	46	63	0
813	22	31	0
814	297	145	0
815	296	144	0
816	281	131	0
817	273	131	0
818	142	108	0
819	219	166	0
820	164	138	0
821	201	171	0
822	145	139	0
823	205	100	0
824	178	47	0
825	217	58	0
826	231	191	0
827	270	216	0
828	285	262	0
829	260	238	0
830	245	224	0
831	240	220	0
832	277	118	0
833	0	0	0
834	220	199	0
835	238	178	0
836	257	194	0
837	176	132	0
838	150	111	0
839	243	180	0
840	143	123	0
841	180	154	0
842	201	203	0
843	191	186	0
844	215	210	0
845	198	201	0
846	136	126	0
847	148	123	0
848	166	164	0
849	115	77	0
850	139	131	0
851	0	0	0
852	216	168	0
853	83	112	0
854	156	48	0
855	220	220	0
856	130	101	0
857	363	111	0
858	0	0	0
859	220	123	0
860	270	151	0
861	337	187	0
862	278	155	0
863	0	0	0
864	188	126	0
865	275	240	0
866	0	0	0
867	194	259	0
868	191	290	0
869	132	82	0
870	263	163	0
871	242	150	0
872	223	191	0
873	177	152	0
874	82	60	0
875	152	118	0
876	188	136	0
877	273	198	0
878	255	185	0
879	230	167	0
880	216	118	0
881	238	130	0
882	234	128	0
883	216	117	0
884	231	187	0
885	2	1	0
886	0	0	0
887	0	0	0
888	0	0	0
889	0	0	0
890	0	0	0
891	2	1	0
892	126	141	0
893	34	18	0
894	163	124	0
895	67	33	0
896	56	38	0
897	128	64	0
898	232	72	0
899	376	116	0
900	211	65	0
901	308	95	0
902	182	56	0
903	331	102	0
904	269	83	0
905	27	14	0
906	312	66	0
907	396	84	0
908	320	67	0
909	447	94	0
910	436	115	0
911	294	78	0
912	703	186	0
913	710	187	0
914	458	120	0
915	359	68	0
916	324	62	0
917	264	50	0
918	340	64	0
919	424	176	0
920	170	46	0
921	201	120	0
922	426	254	0
923	752	205	0
924	554	150	0
925	0	0	0
926	331	97	0
927	284	83	0
928	271	79	0
929	228	67	0
930	263	76	0
931	234	68	0
932	276	80	0
933	325	94	0
934	269	78	0
935	299	86	0
936	807	173	0
937	640	118	0
938	499	105	0
939	337	138	0
940	565	230	0
941	1145	265	0
942	538	273	0
943	976	348	0
944	1073	437	0
945	900	346	0
946	483	80	0
947	1127	261	0
948	350	37	0
949	350	52	0
950	782	111	0
951	1611	239	0
952	488	98	0
953	518	78	0
954	482	69	0
955	121	17	0
956	526	121	0
957	799	210	0
958	337	77	0
959	247	267	0
960	1145	265	0
961	709	187	0
962	5	1	0
963	839	59	0
964	1513	37	0
965	699	73	0
966	745	116	0
967	480	69	0
968	515	89	0
969	620	91	0
970	721	109	0
971	747	197	0
972	1069	162	0
973	1101	449	0
974	1206	49	0
975	1513	37	0
976	1513	37	0
977	1513	37	0
978	258	18	0
979	1321	33	0
980	1513	37	0
981	1370	140	0
982	613	372	0
983	302	80	0
984	816	395	0
985	855	283	0
986	706	187	0
987	411	71	0
988	1338	212	0
989	242	276	0
990	846	704	0
991	636	595	0
992	364	85	0
993	351	350	0
994	471	446	0
995	335	51	0
996	1244	266	0
997	710	29	0
998	1201	182	0
999	1086	77	0
1000	1448	102	0
1001	1259	291	0
1002	582	86	0
1003	794	56	0
1004	1451	59	0
1005	718	144	0
1006	875	221	0
1007	442	18	0
1008	390	40	0
1009	308	32	0
1010	724	182	0
1011	517	36	0
1012	1175	309	0
1013	1346	204	0
1014	1355	195	0
1015	147	25	0
1016	1175	174	0
1017	1037	73	0
1018	1151	121	0
1019	1023	223	0
1020	1210	173	0
1021	1321	189	0
1022	1101	449	0
1023	994	516	0
1024	1298	277	0
1025	433	114	0
1026	982	197	0
1027	690	174	0
1028	157	27	0
1029	503	133	0
1030	1140	243	0
1031	830	250	0
1032	926	584	0
1033	1165	385	0
1034	547	108	0
1035	1107	237	0
1036	327	79	0
1037	604	182	0
1038	290	47	0
1039	955	204	0
1040	777	577	0
1041	796	714	0
1042	345	310	0
1043	957	274	0
1044	1085	399	0
1045	485	413	0
1046	828	682	0
1047	0	0	0
1048	0	0	0
1049	1	1	0
1050	1	0	0
1051	0	0	0
1052	0	0	0
1053	0	0	0
1054	0	0	0
1055	7	9	0
1056	0	0	0
1057	0	0	0
1058	0	0	0
1059	0	0	0
1060	1	1	0
1061	0	0	0
1062	2	3	0
1063	1	0	0
1064	5	2	0
1065	0	0	0
1066	6	3	0
1067	0	0	0
1068	5	1	0
1069	8	2	0
1070	0	0	0
1071	0	0	0
1072	0	0	0
1073	0	0	0
1074	268	19	0
1075	244	35	0
1076	112	16	0
1077	50	7	0
1078	129	20	0
1079	144	19	0
1080	221	30	0
1081	160	20	0
1082	205	28	0
1083	238	202	0
1084	291	163	0
1085	185	139	0
1086	165	124	0
1087	166	124	0
1088	178	134	0
1089	108	81	0
1090	144	97	0
1091	195	130	0
1092	121	81	0
1093	186	155	0
1094	121	100	0
1095	143	121	0
1096	210	179	0
1097	384	136	0
1098	287	102	0
1099	617	218	0
1100	271	96	0
1101	468	166	0
1102	376	148	0
1103	393	155	0
1104	463	163	0
1105	265	93	0
1106	596	203	0
1107	408	139	0
1108	599	203	0
1109	406	137	0
1110	513	202	0
1111	267	105	0
1112	393	154	0
1113	254	100	0
1114	4	2	0
1115	0	0	0
1116	0	0	0
1117	220	190	0
1118	214	185	0
1119	245	212	0
1120	129	112	0
1121	211	183	0
1122	261	225	0
1123	256	221	0
1124	262	225	0
1125	453	73	0
1126	404	65	0
1127	379	60	0
1128	406	64	0
1129	424	67	0
1130	387	58	0
1131	409	61	0
1132	215	31	0
1133	415	61	0
1134	356	52	0
1135	190	143	0
1136	207	76	0
1137	220	218	0
1138	237	138	0
1139	173	172	0
1140	198	195	0
1141	266	183	0
1142	342	107	0
1143	248	170	0
1144	322	137	0
1145	0	0	0
1146	232	140	0
1147	272	128	0
1148	250	117	0
1149	235	110	0
1150	321	186	0
1151	286	118	0
1152	182	191	0
1153	250	233	0
1154	225	196	0
1155	231	242	0
1156	166	104	0
1157	255	119	0
1158	220	220	0
1159	156	185	0
1160	279	217	0
1161	243	280	0
1162	218	189	0
1163	277	252	0
1164	295	269	0
1165	143	129	0
1166	177	189	0
1167	289	96	0
1168	53	31	0
1169	218	248	0
1170	192	219	0
1171	345	188	0
1172	340	185	0
1173	489	73	0
1174	531	76	0
1175	307	242	0
1176	251	274	0
1177	247	219	0
1178	227	201	0
1179	235	209	0
1180	480	229	0
1181	219	132	0
1182	517	183	0
1183	431	169	0
1184	469	166	0
1185	603	169	0
1186	543	235	0
1187	337	334	0
1188	0	0	0
1189	0	0	0
1190	4	2	0
1191	0	0	0
1192	400	125	0
1193	397	317	0
1194	373	254	0
1195	326	222	0
1196	421	288	0
1197	393	409	0
1198	399	378	0
1199	407	424	0
1200	425	403	0
1201	374	326	0
1202	277	241	0
1203	321	279	0
1204	374	326	0
1205	152	124	0
1206	295	250	0
1207	302	342	0
1208	348	357	0
1209	254	288	0
1210	358	398	0
1211	0	0	0
1212	2	3	0
1213	0	0	0
1214	205	218	0
1215	165	132	0
1216	209	184	0
1217	278	206	0
1218	372	252	0
1219	572	215	0
1220	264	101	0
1221	432	165	0
1222	204	138	0
1223	571	209	0
1224	470	195	0
1225	561	206	0
1226	415	152	0
1227	194	161	0
1228	203	169	0
1229	179	182	0
1230	2	3	0
1231	242	221	0
1232	138	126	0
1233	373	265	0
1234	385	273	0
1235	192	136	0
1236	419	297	0
1237	379	269	0
1238	379	304	0
1239	358	287	0
1240	189	152	0
1241	313	251	0
1242	399	319	0
1243	0	0	0
1244	242	173	0
1245	330	235	0
1246	215	154	0
1247	204	146	0
1248	388	277	0
1249	123	126	0
1250	46	48	0
1251	153	146	0
1252	190	182	0
1253	192	183	0
1254	232	148	0
1255	300	191	0
1256	184	118	0
1257	157	100	0
1258	198	126	0
1259	198	157	0
1260	74	288	0
1261	101	372	0
1262	61	237	0
1263	37	146	0
1264	230	243	0
1265	167	175	0
1266	210	195	0
1267	164	125	0
1268	144	141	0
1269	207	202	0
1270	185	181	0
1271	191	186	0
1272	314	280	0
1273	170	179	0
1274	271	276	0
1275	131	147	0
1276	266	248	0
1277	147	213	0
1278	134	226	0
1279	57	72	0
1280	59	88	0
1281	103	124	0
1282	137	232	0
1283	164	234	0
1284	388	388	0
1285	0	0	0
1286	1	1	0
1287	0	0	0
1288	0	0	0
1289	97	177	0
1290	128	242	0
1291	35	66	0
1292	123	200	0
1293	48	80	0
1294	52	103	0
1295	54	108	0
1296	61	85	0
1297	71	298	0
1298	0	0	0
1299	212	283	0
1300	37	127	0
1301	109	374	0
1302	76	99	0
1303	79	101	0
1304	85	111	0
1305	39	72	0
1306	50	93	0
1307	81	148	0
1308	36	67	0
1309	0	0	0
1310	0	0	0
1311	60	313	0
1312	42	216	0
1313	123	209	0
1314	53	89	0
1315	95	147	0
1316	99	160	0
1317	82	127	0
1318	93	157	0
1319	0	0	0
1320	100	213	0
1321	86	186	0
1322	47	109	0
1323	37	86	0
1324	0	0	0
1325	0	0	0
1326	72	170	0
1327	59	174	0
1328	91	381	0
1329	47	197	0
1330	77	305	0
1331	119	153	0
1332	124	173	0
1333	111	138	0
1334	17	58	0
1335	98	299	0
1336	96	293	0
1337	66	159	0
1338	66	175	0
1339	112	276	0
1340	85	182	0
1341	75	191	0
1342	86	313	0
1343	29	121	0
1344	1	0	0
1345	49	92	0
1346	56	128	0
1347	14	35	0
1348	29	56	0
1349	60	118	0
1350	122	187	0
1351	124	180	0
1352	95	180	0
1353	57	104	0
1354	135	213	0
1355	79	148	0
1356	108	201	0
1357	0	0	0
1358	64	217	0
1359	107	207	0
1360	52	112	0
1361	0	0	0
1362	0	0	0
1363	0	0	0
1364	108	148	0
1365	107	148	0
1366	78	164	0
1367	78	166	0
1368	116	154	0
1369	80	414	0
1370	76	393	0
1371	29	129	0
1372	82	212	0
1373	64	141	0
1374	64	136	0
1375	49	122	0
1376	34	189	0
1377	70	239	0
1378	0	0	0
1379	0	0	0
1380	0	0	0
1381	0	0	0
1382	0	0	0
1383	92	204	0
1384	104	230	0
1385	176	341	0
1386	202	391	0
1387	182	399	0
1388	164	361	0
1389	142	309	0
1390	182	397	0
1391	110	204	0
1392	136	146	0
1393	73	103	0
1394	93	131	0
1395	93	102	0
1396	66	93	0
1397	139	150	0
1398	73	79	0
1399	174	209	0
1400	182	268	0
1401	64	94	0
1402	0	8	0
1403	34	86	0
1404	26	83	0
1405	40	124	0
1406	145	128	0
1407	220	196	0
1408	59	106	0
1409	130	232	0
1410	87	139	0
1411	87	71	0
1412	241	278	0
1413	106	122	0
1414	11	13	0
1415	111	110	0
1416	88	121	0
1417	111	155	0
1418	100	140	0
1419	155	206	0
1420	119	158	0
1421	233	224	0
1422	125	120	0
1423	127	147	0
1424	91	105	0
1425	220	221	0
1426	157	158	0
1427	239	241	0
1428	188	312	0
1429	103	170	0
1430	123	205	0
1431	152	251	0
1432	68	112	0
1433	167	275	0
1434	77	128	0
1435	160	264	0
1436	270	267	0
1437	132	141	0
1438	137	146	0
1439	154	165	0
1440	136	145	0
1441	193	208	0
1442	90	97	0
1443	57	74	0
1444	125	164	0
1445	113	148	0
1446	91	119	0
1447	117	137	0
1448	107	125	0
1449	126	147	0
1450	116	135	0
1451	4	6	0
1452	11	13	0
1453	0	0	0
1454	3	5	0
1455	13	18	0
1456	48	63	0
1457	0	0	0
1458	0	0	0
1459	1	1	0
1460	0	0	0
1461	0	0	0
1462	0	0	0
1463	9	12	0
1464	0	0	0
1465	0	0	0
1466	0	0	0
1467	95	132	0
1468	87	122	0
1469	194	353	0
1470	189	278	0
1471	98	66	0
1472	154	134	0
1473	116	152	0
1474	80	46	0
1475	115	65	0
1476	36	54	0
1477	40	45	0
1478	177	169	0
1479	134	131	0
1480	60	58	0
1481	78	66	0
1482	158	165	0
1483	126	95	0
1484	154	134	0
1485	180	97	0
1486	157	85	0
1487	128	113	0
1488	98	79	0
1489	123	122	0
1490	123	88	0
1491	101	156	0
1492	137	120	0
1493	35	45	0
1494	84	114	0
1495	67	76	0
1496	170	197	0
1497	41	23	0
1498	288	245	0
1499	56	52	0
1500	156	123	0
1501	118	90	0
1502	159	171	0
1503	168	129	0
1504	331	255	0
1505	155	150	0
1506	39	33	0
1507	98	93	0
1508	112	86	0
1509	169	181	0
1510	243	210	0
1511	73	66	0
1512	48	23	0
1513	79	91	0
1514	181	138	0
1515	82	63	0
1516	43	17	0
1517	68	46	0
1518	260	226	0
1519	154	105	0
1520	314	295	0
1521	21	20	0
1522	90	77	0
1523	57	48	0
1524	339	335	0
1525	75	63	0
1526	49	49	0
1527	67	59	0
1528	63	30	0
1529	157	119	0
1530	151	119	0
1531	256	259	0
1532	210	218	0
1533	196	197	0
1534	167	147	0
1535	139	137	0
1536	65	65	0
1537	53	72	0
1538	19	27	0
1539	122	166	0
1540	33	32	0
1541	193	191	0
1542	76	75	0
1543	131	193	0
1544	130	135	0
1545	97	173	0
1546	34	59	0
1547	115	205	0
1548	28	46	0
1549	45	75	0
1550	61	76	0
1551	35	44	0
1552	71	108	0
1553	153	138	0
1554	395	175	0
1555	362	205	0
1556	147	119	0
1557	136	140	0
1558	120	155	0
1559	223	151	0
1560	117	153	0
1561	223	146	0
1562	198	178	0
1563	279	272	0
1564	274	281	0
1565	309	260	0
1566	286	237	0
1567	91	85	0
1568	104	115	0
1569	93	116	0
1570	40	45	0
1571	252	428	0
1572	68	116	0
1573	13	23	0
1574	35	35	0
1575	198	221	0
1576	101	138	0
1577	77	110	0
1578	130	230	0
1579	40	80	0
1580	183	375	0
1581	115	155	0
1582	86	103	0
1583	264	316	0
1584	142	170	0
1585	35	39	0
1586	67	94	0
1587	59	74	0
1588	45	56	0
1589	51	48	0
1590	101	99	0
1591	190	189	0
1592	167	166	0
1593	86	86	0
1594	117	116	0
1595	127	127	0
1596	96	96	0
1597	155	154	0
1598	52	52	0
1599	180	179	0
1600	121	120	0
1601	103	103	0
1602	0	0	0
1603	0	0	0
1604	1	1	0
1605	0	0	0
1606	41	46	0
1607	44	50	0
1608	44	49	0
1609	39	43	0
1610	44	50	0
1611	123	156	0
1612	84	105	0
1613	182	202	0
1614	231	257	0
1615	87	97	0
1616	73	83	0
1617	172	192	0
1618	244	118	0
1619	333	93	0
1620	916	342	0
1621	206	171	0
1622	254	203	0
1623	285	234	0
1624	334	269	0
1625	312	323	0
1626	133	132	0
1627	456	358	0
1628	374	389	0
1629	780	534	0
1630	134	154	0
1631	392	422	0
1632	469	394	0
1633	596	484	0
1634	207	223	0
1635	155	145	0
1636	527	484	0
1637	369	290	0
1638	155	100	0
1639	612	472	0
1640	102	29	0
1641	632	491	0
1642	218	235	0
1643	61	66	0
1644	202	159	0
1645	594	354	0
1646	598	202	0
1647	474	169	0
1648	580	176	0
1649	172	147	0
1650	152	109	0
1651	148	120	0
1652	92	121	0
1653	235	248	0
1654	203	230	0
1655	320	323	0
1656	127	114	0
1657	120	88	0
1658	27	31	0
1659	184	132	0
1660	482	126	0
1661	123	116	0
1662	127	126	0
1663	106	119	0
1664	2	0	0
1665	1	0	0
1666	0	0	0
1667	0	0	0
1668	0	0	0
1669	0	0	0
1670	0	0	0
1671	1	0	0
1672	1	0	0
1673	0	0	0
1674	1	3	0
1675	2	4	0
1676	0	0	0
1677	0	0	0
1678	1	1	0
1679	0	0	0
1680	13	20	0
1681	2	3	0
1682	0	0	0
1683	77	64	0
1684	49	64	0
1685	154	172	0
1686	129	133	0
1687	151	198	0
1688	62	82	0
1689	223	249	0
1690	92	112	0
1691	180	270	0
1692	134	200	0
1693	197	297	0
1694	184	276	0
1695	169	190	0
1696	14	16	0
1697	45	50	0
1698	191	214	0
1699	109	122	0
1700	192	216	0
1701	157	178	0
1702	177	202	0
1703	118	135	0
1704	60	68	0
1705	51	61	0
1706	216	255	0
1707	22	26	0
1708	54	64	0
1709	166	197	0
1710	65	78	0
1711	185	220	0
1712	215	254	0
1713	167	198	0
1714	92	109	0
1715	140	165	0
1716	230	272	0
1717	10	12	0
1718	61	88	0
1719	46	101	0
1720	42	100	0
1721	28	55	0
1722	30	55	0
1723	19	36	0
1724	7	14	0
1725	25	63	0
1726	27	68	0
1727	52	91	0
1728	65	117	0
1729	52	91	0
1730	1	2	0
1731	50	113	0
1732	52	99	0
1733	28	52	0
1734	64	103	0
1735	26	55	0
1736	11	61	0
1737	70	286	0
1738	30	128	0
1739	62	208	0
1740	57	185	0
1741	73	238	0
1742	111	337	0
1743	86	281	0
1744	94	304	0
1745	123	259	0
1746	126	273	0
1747	139	289	0
1748	153	295	0
1749	91	209	0
1750	68	129	0
1751	62	118	0
1752	59	115	0
1753	79	122	0
1754	94	202	0
1755	87	257	0
1756	36	132	0
1757	121	189	0
1758	54	94	0
1759	94	150	0
1760	137	265	0
1761	177	283	0
1762	124	275	0
1763	82	128	0
1764	51	103	0
1765	271	314	0
1766	224	224	0
1767	458	433	0
1768	268	264	0
1769	423	442	0
1770	271	386	0
1771	224	287	0
1772	424	460	0
1773	-385	-238	0
1774	464	573	0
1775	130	193	0
1776	313	403	0
1777	176	243	0
1778	345	449	0
1779	183	316	0
1780	224	305	0
1781	56	80	0
1782	27	34	0
1783	220	287	0
1784	0	0	0
1785	297	396	0
1786	383	509	0
1787	367	515	0
1788	364	468	0
1789	398	631	0
1790	0	1	0
1791	0	0	0
1792	0	0	0
1793	157	291	0
1794	100	158	0
1795	110	263	0
1796	20	30	0
1797	91	165	0
1798	5	7	0
1799	9	15	0
1800	21	35	0
1801	85	201	0
1802	80	223	0
1803	145	213	0
1804	146	214	0
1805	148	210	0
1806	17	139	0
1807	156	297	0
1808	134	249	0
1809	79	184	0
1810	87	186	0
1811	46	132	0
1812	40	115	0
1813	93	166	0
1814	184	133	0
1815	158	150	0
1816	155	141	0
1817	151	137	0
1818	157	143	0
1819	132	138	0
1820	0	0	0
1821	84	120	0
1822	108	171	0
1823	61	122	0
1824	50	94	0
1825	119	349	0
1826	103	288	0
1827	114	207	0
1828	97	177	0
1829	47	86	0
1830	158	195	0
1831	72	89	0
1832	59	73	0
1833	139	177	0
1834	138	175	0
1835	97	133	0
1836	105	142	0
1837	138	188	0
1838	131	312	0
1839	72	171	0
1840	68	123	0
1841	93	166	0
1842	118	232	0
1843	98	167	0
1844	97	223	0
1845	193	291	0
1846	158	238	0
1847	188	284	0
1848	190	320	0
1849	192	295	0
1850	236	369	0
1851	94	147	0
1852	133	139	0
1853	131	151	0
1854	0	0	0
1855	0	0	0
1856	118	182	0
1857	137	213	0
1858	27	52	0
1859	3	6	0
1860	68	93	0
1861	7	10	0
1862	60	105	0
1863	11	25	0
1864	9	31	0
1865	57	80	0
1866	57	80	0
1867	56	84	0
1868	56	84	0
1869	74	90	0
1870	19	29	0
1871	8	12	0
1872	62	136	0
1873	89	126	0
1874	66	82	0
1875	60	93	0
1876	74	80	0
1877	74	124	0
1878	11	18	0
1879	77	102	0
1880	52	115	0
1881	110	17	0
1882	49	123	0
1883	7	14	0
1884	16	27	0
1885	53	81	0
1886	7	10	0
1887	10	16	0
1888	48	74	0
1889	11	19	0
1890	64	81	0
1891	50	190	0
1892	111	239	0
1893	38	137	0
1894	74	83	0
1895	174	129	0
1896	118	88	0
1897	126	94	0
1898	120	89	0
1899	33	34	0
1900	43	45	0
1901	80	137	0
1902	26	46	0
1903	40	95	0
1904	41	81	0
1905	31	64	0
1906	7	14	0
1907	74	117	0
1908	75	119	0
1909	42	68	0
1910	75	120	0
1911	94	166	0
1912	43	75	0
1913	63	163	0
1914	82	130	0
1915	89	142	0
1916	80	129	0
1917	84	134	0
1918	42	91	0
1919	17	38	0
1920	27	105	0
1921	67	147	0
1922	84	114	0
1923	88	118	0
1924	79	104	0
1925	131	175	0
1926	49	94	0
1927	81	181	0
1928	97	219	0
1929	51	114	0
1930	71	138	0
1931	57	110	0
1932	50	96	0
1933	103	202	0
1934	43	85	0
1935	114	222	0
1936	55	138	0
1937	107	173	0
1938	30	80	0
1939	81	134	0
1940	65	86	0
1941	39	43	0
1942	97	112	0
1943	23	41	0
1944	36	52	0
1945	57	140	0
1946	88	115	0
1947	69	91	0
1948	80	124	0
1949	61	144	0
1950	1	3	0
1951	28	59	0
1952	58	127	0
1953	35	31	0
1954	47	104	0
1955	211	272	0
1956	238	308	0
1957	188	260	0
1958	164	227	0
1959	94	159	0
1960	190	324	0
1961	204	253	0
1962	272	338	0
1963	89	153	0
1964	80	140	0
1965	65	114	0
1966	84	163	0
1967	104	195	0
1968	103	163	0
1969	26	43	0
1970	20	54	0
1971	15	41	0
1972	28	78	0
1973	40	88	0
1974	54	100	0
1975	46	54	0
1976	11	13	0
1977	51	87	0
1978	12	18	0
1979	19	37	0
1980	57	102	0
1981	109	133	0
1982	128	90	0
1983	77	55	0
1984	93	131	0
1985	161	124	0
1986	118	81	0
1987	80	67	0
1988	85	78	0
1989	84	74	0
1990	85	83	0
1991	109	80	0
1992	80	79	0
1993	115	86	0
1994	180	224	0
1995	41	52	0
1996	54	45	0
1997	34	44	0
1998	134	196	0
1999	89	132	0
2000	97	145	0
2001	160	185	0
2002	84	112	0
2003	87	98	0
2004	186	148	0
2005	81	39	0
2006	201	170	0
2007	80	36	0
2008	111	159	0
2009	68	106	0
2010	117	140	0
2011	240	207	0
2012	226	195	0
2013	228	197	0
2014	204	176	0
2015	225	194	0
2016	209	180	0
2017	213	184	0
2018	228	197	0
2019	219	189	0
2020	18	0	0
2021	133	169	0
2022	113	144	0
2023	131	127	0
2024	124	125	0
2025	59	57	0
2026	36	36	0
2027	48	30	0
2028	266	115	0
2029	79	49	0
2030	179	111	0
2031	104	78	0
2032	247	233	0
2033	87	85	0
2034	152	221	0
2035	108	109	0
2036	89	125	0
2037	193	181	0
2038	277	188	0
2039	115	194	0
2040	105	175	0
2041	98	164	0
2042	103	174	0
2043	96	162	0
2044	108	181	0
2045	100	347	0
2046	19	65	0
2047	12	43	0
2048	155	372	0
2049	20	50	0
2050	117	282	0
2051	62	104	0
2052	58	96	0
2053	55	92	0
2054	0	0	0
2055	132	488	0
2056	2	9	0
2057	43	105	0
2058	51	123	0
2059	21	53	0
2060	37	208	0
2061	76	224	0
2062	45	158	0
2063	36	123	0
2064	41	147	0
2065	10	35	0
2066	66	164	0
2067	34	37	0
2068	50	55	0
2069	76	83	0
2070	76	83	0
2071	153	257	0
2072	11	19	0
2073	81	137	0
2074	24	41	0
2075	39	69	0
2076	31	56	0
2077	55	125	0
2078	196	142	0
2079	77	56	0
2080	318	230	0
2081	102	68	0
2082	246	159	0
2083	29	15	0
2084	44	19	0
2085	27	27	0
2086	247	248	0
2087	94	54	0
2088	88	117	0
2089	98	116	0
2090	104	123	0
2091	106	126	0
2092	103	122	0
2093	109	130	0
2094	109	130	0
2095	104	124	0
2096	103	122	0
2097	44	48	0
2098	1	2	0
2099	164	171	0
2100	46	48	0
2101	145	149	0
2102	26	27	0
2103	72	83	0
2104	109	107	0
2105	48	48	0
2106	81	83	0
2107	92	21	0
2108	77	85	0
2109	66	109	0
2110	13	23	0
2111	34	57	0
2112	2	0	0
2113	72	122	0
2114	7	12	0
2115	163	103	0
2116	154	98	0
2117	40	26	0
2118	115	73	0
2119	39	24	0
2120	127	81	0
2121	94	129	0
2122	73	100	0
2123	17	25	0
2124	105	115	0
2125	36	29	0
2126	2	5	0
2127	53	74	0
2128	36	32	0
2129	205	99	0
2130	119	98	0
2131	63	30	0
2132	50	41	0
2133	81	51	0
2134	52	20	0
2135	74	29	0
2136	14	26	0
2137	25	52	0
2138	33	36	0
2139	43	112	0
2140	47	94	0
2141	26	62	0
2142	53	89	0
2143	89	144	0
2144	39	54	0
2145	78	136	0
2146	81	140	0
2147	65	113	0
2148	71	123	0
2149	63	119	0
2150	53	99	0
2151	60	131	0
2152	19	61	0
2153	58	117	0
2154	80	108	0
2155	150	142	0
2156	151	143	0
2157	18	17	0
2158	28	23	0
2159	138	113	0
2160	102	84	0
2161	20	16	0
2162	48	68	0
2163	89	130	0
2164	26	38	0
2165	1	1	0
2166	0	0	0
2167	107	78	0
2168	9	57	0
2169	236	167	0
2170	170	124	0
2171	138	64	0
2172	185	163	0
2173	137	62	0
2174	57	26	0
2175	85	39	0
2176	47	22	0
2177	43	19	0
2178	33	15	0
2179	42	46	0
2180	93	109	0
2181	83	46	0
2182	103	38	0
2183	79	120	0
2184	115	120	0
2185	93	78	0
2186	26	24	0
2187	101	93	0
2188	105	78	0
2189	28	21	0
2190	30	22	0
2191	47	100	0
2192	87	16	0
2193	124	183	0
2194	132	77	0
2195	82	100	0
2196	96	65	0
2197	34	52	0
2198	117	62	0
2199	134	147	0
2200	114	72	0
2201	99	49	0
2202	165	223	0
2203	117	158	0
2204	23	13	0
2205	140	241	0
2206	83	196	0
2207	140	334	0
2208	81	194	0
2209	118	264	0
2210	100	224	0
2211	244	273	0
2212	268	406	0
2213	244	279	0
2214	309	222	0
2215	176	225	0
2216	150	261	0
2217	280	278	0
2218	259	273	0
2219	250	240	0
2220	89	153	0
2221	96	176	0
2222	83	301	0
2223	94	342	0
2224	96	348	0
2225	70	258	0
2226	67	246	0
2227	79	289	0
2228	160	200	0
2229	155	205	0
2230	136	175	0
2231	155	205	0
2232	105	140	0
2233	84	82	0
2234	112	150	0
2235	168	151	0
2236	44	70	0
2237	107	108	0
2238	0	0	0
2239	117	202	0
2240	133	228	0
2241	123	215	0
2242	128	204	0
2243	146	233	0
2244	142	227	0
2245	56	97	0
2246	199	218	0
2247	110	120	0
2248	217	238	0
2249	217	238	0
2250	14	30	0
2251	0	0	0
2252	249	225	0
2253	128	115	0
2254	225	203	0
2255	211	190	0
2256	125	112	0
2257	197	177	0
2258	128	115	0
2259	95	86	0
2260	194	210	0
2261	147	158	0
2262	150	163	0
2263	106	177	0
2264	82	136	0
2265	185	245	0
2266	206	236	0
2267	173	205	0
2268	131	151	0
2269	127	274	0
2270	98	233	0
2271	197	399	0
2272	5	10	0
2273	66	211	0
2274	131	316	0
2275	131	325	0
2276	46	100	0
2277	196	216	0
2278	159	152	0
2279	164	157	0
2280	156	149	0
2281	40	38	0
2282	130	124	0
2283	170	273	0
2284	1	1	0
2285	97	164	0
2286	106	293	0
2287	134	371	0
2288	105	194	0
2289	200	370	0
2290	191	343	0
2291	152	273	0
2292	151	283	0
2293	208	388	0
2294	125	297	0
2295	245	583	0
2296	129	335	0
2297	131	342	0
2298	57	48	0
2299	113	94	0
2300	179	207	0
2301	105	158	0
2302	60	100	0
2303	88	144	0
2304	26	29	0
2305	54	87	0
2306	42	52	0
2307	40	50	0
2308	31	38	0
2309	26	32	0
2310	6	7	0
2311	8	11	0
2312	38	48	0
2313	10	33	0
2314	71	116	0
2315	16	27	0
2316	97	175	0
2317	108	144	0
2318	23	41	0
2319	39	40	0
2320	100	139	0
2321	1	12	0
2322	53	79	0
2323	43	64	0
2324	33	49	0
2325	106	159	0
2326	140	190	0
2327	84	122	0
2328	59	87	0
2329	1	2	0
2330	155	141	0
2331	17	15	0
2332	88	80	0
2333	78	59	0
2334	74	127	0
2335	87	89	0
2336	81	83	0
2337	82	84	0
2338	80	82	0
2339	76	78	0
2340	97	99	0
2341	76	77	0
2342	133	163	0
2343	48	91	0
2344	72	138	0
2345	77	147	0
2346	92	177	0
2347	17	24	0
2348	24	34	0
2349	26	37	0
2350	11	16	0
2351	14	20	0
2352	85	122	0
2353	2	3	0
2354	80	137	0
2355	105	172	0
2356	44	76	0
2357	5	10	0
2358	92	167	0
2359	27	39	0
2360	0	0	0
2361	118	146	0
2362	53	91	0
2363	39	68	0
2364	8	22	0
2365	98	262	0
2366	69	203	0
2367	16	35	0
2368	126	305	0
2369	66	178	0
2370	83	204	0
2371	67	148	0
2372	131	273	0
2373	71	145	0
2374	39	87	0
2375	62	140	0
2376	0	0	0
2377	172	176	0
2378	207	183	0
2379	64	50	0
2380	328	273	0
2381	188	106	0
2382	156	161	0
2383	156	64	0
2384	370	255	0
2385	159	104	0
2386	156	75	0
2387	184	72	0
2388	220	177	0
2389	307	235	0
2390	211	188	0
2391	402	250	0
2392	165	132	0
2393	87	53	0
2394	274	251	0
2395	104	60	0
2396	196	234	0
2397	58	82	0
2398	412	532	0
2399	117	119	0
2400	252	234	0
2401	320	264	0
2402	160	66	0
2403	178	154	0
2404	102	75	0
2405	166	96	0
2406	110	65	0
2407	254	238	0
2408	114	69	0
2409	6	3	0
2410	153	138	0
2411	313	264	0
2412	110	39	0
2413	245	263	0
2414	373	405	0
2415	212	236	0
2416	90	96	0
2417	169	162	0
2418	100	100	0
2419	302	265	0
2420	167	210	0
2421	116	108	0
2422	194	76	0
2423	76	63	0
2424	98	82	0
2425	86	88	0
2426	190	149	0
2427	104	117	0
2428	288	281	0
2429	88	102	0
2430	263	338	0
2431	154	120	0
2432	177	162	0
2433	253	351	0
2434	19	20	0
2435	331	437	0
2436	237	349	0
2437	161	158	0
2438	266	321	0
2439	177	183	0
2440	218	294	0
2441	8	7	0
2442	500	434	0
2443	277	269	0
2444	121	202	0
2445	23	35	0
2446	11	0	0
2447	102	110	0
2448	210	220	0
2449	143	227	0
2450	1	1	0
2451	75	149	0
2452	85	214	0
2453	224	285	0
2454	206	247	0
2455	208	288	0
2456	85	65	0
2457	115	103	0
2458	83	71	0
2459	0	0	0
2460	85	120	0
2461	9	17	0
2462	76	76	0
2463	153	198	0
2464	1	1	0
2465	0	0	0
2466	6	8	0
2467	0	0	0
2468	0	0	0
2469	17	139	0
2470	99	159	0
2471	120	193	0
2472	104	201	0
2473	0	1	0
2474	59	131	0
2475	0	1	0
2476	129	261	0
2477	113	228	0
2478	320	384	0
2479	324	389	0
2480	276	331	0
2481	194	335	0
2482	221	264	0
2483	352	434	0
2484	249	318	0
2485	128	283	0
2486	238	497	0
2487	225	469	0
2488	0	1	0
2489	315	389	0
2490	191	289	0
2491	246	303	0
2492	115	233	0
2493	62	152	0
2494	80	196	0
2495	20	49	0
2496	86	159	0
2497	5	8	0
2498	11	26	0
2499	18	37	0
2500	210	440	0
2501	144	300	0
2502	67	148	0
2503	203	424	0
2504	196	337	0
2505	217	428	0
2506	46	72	0
2507	153	279	0
2508	71	158	0
2509	101	184	0
2510	137	268	0
2511	140	284	0
2512	94	132	0
2513	79	123	0
2514	155	206	0
2515	163	201	0
2516	140	136	0
2517	72	102	0
2518	110	111	0
2519	133	101	0
2520	137	121	0
2521	153	189	0
2522	123	153	0
2523	106	167	0
2524	48	73	0
2525	181	266	0
2526	90	186	0
2527	72	130	0
2528	110	185	0
2529	92	170	0
2530	94	178	0
2531	80	172	0
2532	75	143	0
2533	5	10	0
2534	91	183	0
2535	83	166	0
2536	77	155	0
2537	78	158	0
2538	96	195	0
2539	8	17	0
2540	178	239	0
2541	157	144	0
2542	99	91	0
2543	98	89	0
2544	165	150	0
2545	59	54	0
2546	60	55	0
2547	67	129	0
2548	99	193	0
2549	117	130	0
2550	63	90	0
2551	73	104	0
2552	87	124	0
2553	189	255	0
2554	142	151	0
2555	133	141	0
2556	135	143	0
2557	74	79	0
2558	78	83	0
2559	187	219	0
2560	104	148	0
2561	60	85	0
2562	68	96	0
2563	101	142	0
2564	82	116	0
2565	57	101	0
2566	143	250	0
2567	63	112	0
2568	110	192	0
2569	77	132	0
2570	58	102	0
2571	72	78	0
2572	126	135	0
2573	125	210	0
2574	58	97	0
2575	55	94	0
2576	155	293	0
2577	56	105	0
2578	225	151	0
2579	125	83	0
2580	121	138	0
2581	180	215	0
2582	82	98	0
2583	224	219	0
2584	78	76	0
2585	195	201	0
2586	174	168	0
2587	213	169	0
2588	184	157	0
2589	170	175	0
2590	300	233	0
2591	187	146	0
2592	255	221	0
2593	242	209	0
2594	198	217	0
2595	83	91	0
2596	156	171	0
2597	34	38	0
2598	103	113	0
2599	144	133	0
2600	232	214	0
2601	263	243	0
2602	221	204	0
2603	66	61	0
2604	158	125	0
2605	259	209	0
2606	192	151	0
2607	190	149	0
2608	155	122	0
2609	207	163	0
2610	170	134	0
2611	171	135	0
2612	142	111	0
2613	133	105	0
2614	218	171	0
2615	0	0	0
2616	582	582	0
2617	174	142	0
2618	334	337	0
2619	187	96	0
2620	372	123	0
2621	452	274	0
2622	585	313	0
2623	589	622	0
2624	889	661	0
2625	120	127	0
2626	127	124	0
2627	216	115	0
2628	166	121	0
2629	282	131	0
2630	240	73	0
2631	378	145	0
2632	194	47	0
2633	200	141	0
2634	227	92	0
2635	466	125	0
2636	686	824	0
2637	639	298	0
2638	145	175	0
2639	498	375	0
2640	336	257	0
2641	670	541	0
2642	383	140	0
2643	260	187	0
2644	731	564	0
2645	8	7	0
2646	4	3	0
2647	0	0	0
2648	0	0	0
2649	117	95	0
2650	311	251	0
2651	403	326	0
2652	322	261	0
2653	477	386	0
2654	225	183	0
2655	318	197	0
2656	324	201	0
2657	373	232	0
2658	362	224	0
2659	187	178	0
2660	411	393	0
2661	459	439	0
2662	346	330	0
2663	189	179	0
2664	209	197	0
2665	152	144	0
2666	30	29	0
2667	200	190	0
2668	221	208	0
2669	220	207	0
2670	159	150	0
2671	105	117	0
2672	205	168	0
2673	272	224	0
2674	128	105	0
2675	214	176	0
2676	263	210	0
2677	268	300	0
2678	160	110	0
2679	259	215	0
2680	267	222	0
2681	145	121	0
2682	118	99	0
2683	147	122	0
2684	187	155	0
2685	0	0	0
2686	0	0	0
2687	143	117	0
2688	32	28	0
2689	42	36	0
2690	26	22	0
2691	131	192	0
2692	78	116	0
2693	13	19	0
2694	156	168	0
2695	40	91	0
2696	14	33	0
2697	75	55	0
2698	136	93	0
2699	45	59	0
2700	66	60	0
2701	63	57	0
2702	55	50	0
2703	83	75	0
2704	79	71	0
2705	38	35	0
2706	50	78	0
2707	60	95	0
2708	28	44	0
2709	47	80	0
2710	10	18	0
2711	34	68	0
2712	15	31	0
2713	37	40	0
2714	64	146	0
2715	2	8	0
2716	53	84	0
2717	42	45	0
2718	16	17	0
2719	11	41	0
2720	63	105	0
2721	27	51	0
2722	11	21	0
2723	30	21	0
2724	103	73	0
2725	82	56	0
2726	62	65	0
2727	54	78	0
2728	67	122	0
2729	19	30	0
2730	100	177	0
2731	167	187	0
2732	96	149	0
2733	89	152	0
2734	101	161	0
2735	105	167	0
2736	88	155	0
2737	94	165	0
2738	89	136	0
2739	77	208	0
2740	157	196	0
2741	112	161	0
2742	125	212	0
2743	142	324	0
2744	57	132	0
2745	175	299	0
2746	51	85	0
2747	87	166	0
2748	51	77	0
2749	39	63	0
2750	124	240	0
2751	129	291	0
2752	14	27	0
2753	51	102	0
2754	146	296	0
2755	16	34	0
2756	20	38	0
2757	19	33	0
2758	65	159	0
2759	119	301	0
2760	25	60	0
2761	147	252	0
2762	33	79	0
2763	62	89	0
2764	113	207	0
2765	30	52	0
2766	90	121	0
2767	124	166	0
2768	162	225	0
2769	23	35	0
2770	167	232	0
2771	33	50	0
2772	60	84	0
2773	73	125	0
2774	75	127	0
2775	96	145	0
2776	11	18	0
2777	69	105	0
2778	121	186	0
2779	70	109	0
2780	120	121	0
2781	109	111	0
2782	75	111	0
2783	92	137	0
2784	8	12	0
2785	77	102	0
2786	52	89	0
2787	100	142	0
2788	50	78	0
2789	32	40	0
2790	52	54	0
2791	88	110	0
2792	110	115	0
2793	79	119	0
2794	19	28	0
2795	49	57	0
2796	147	150	0
2797	66	91	0
2798	74	88	0
2799	90	161	0
2800	129	194	0
2801	108	167	0
2802	90	128	0
2803	44	63	0
2804	33	45	0
2805	20	32	0
2806	102	174	0
2807	142	245	0
2808	85	152	0
2809	103	158	0
2810	17	33	0
2811	100	177	0
2812	99	183	0
2813	27	57	0
2814	144	256	0
2815	76	151	0
2816	100	118	0
2817	26	34	0
2818	110	100	0
2819	74	69	0
2820	111	127	0
2821	102	157	0
2822	96	118	0
2823	86	128	0
2824	80	125	0
2825	62	113	0
2826	102	161	0
2827	157	282	0
2828	106	216	0
2829	162	229	0
2830	107	150	0
2831	97	200	0
2832	102	190	0
2833	147	258	0
2834	125	164	0
2835	90	198	0
2836	72	157	0
2837	21	48	0
2838	114	207	0
2839	123	186	0
2840	59	79	0
2841	81	162	0
2842	105	210	0
2843	90	179	0
2844	95	189	0
2845	90	182	0
2846	47	96	0
2847	0	0	0
2848	0	0	0
2849	141	183	0
2850	146	191	0
2851	114	159	0
2852	111	242	0
2853	105	233	0
2854	293	342	0
2855	217	237	0
2856	182	262	0
2857	349	315	0
2858	149	147	0
2859	247	263	0
2860	176	129	0
2861	175	127	0
2862	185	293	0
2863	223	377	0
2864	429	407	0
2865	271	306	0
2866	188	209	0
2867	241	353	0
2868	364	394	0
2869	342	475	0
2870	240	239	0
2871	255	331	0
2872	372	585	0
2873	363	571	0
2874	0	0	0
2875	0	0	0
2876	0	0	0
2877	0	0	0
2878	0	0	0
2879	0	0	0
2880	0	0	0
2881	0	0	0
2882	144	210	0
2883	50	90	0
2884	96	150	0
2885	90	159	0
2886	97	173	0
2887	118	219	0
2888	43	63	0
2889	102	251	0
2890	46	88	0
2891	120	202	0
2892	70	164	0
2893	16	38	0
2894	20	38	0
2895	111	158	0
2896	117	156	0
2897	0	0	0
2898	0	0	0
2899	123	200	0
2900	65	101	0
2901	129	229	0
2902	126	239	0
2903	132	246	0
2904	95	185	0
2905	80	114	0
2906	0	0	0
2907	54	145	0
2908	67	166	0
2909	97	173	0
2910	149	341	0
2911	157	361	0
2912	69	117	0
2913	242	211	0
2914	189	262	0
2915	331	354	0
2916	328	372	0
2917	216	229	0
2918	219	229	0
2919	203	204	0
2920	199	216	0
2921	217	221	0
2922	179	231	0
2923	133	265	0
2924	131	187	0
2925	23	73	0
2926	0	0	0
2927	87	164	0
2928	59	113	0
2929	150	192	0
2930	94	238	0
2931	37	94	0
2932	55	123	0
2933	108	92	0
2934	160	134	0
2935	4	6	0
2936	24	183	0
2937	54	57	0
2938	164	252	0
2939	60	241	0
2940	65	268	0
2941	36	114	0
2942	56	146	0
2943	73	191	0
2944	0	0	0
2945	0	0	0
2946	103	186	0
2947	101	184	0
2948	56	267	0
2949	93	231	0
2950	69	174	0
2951	28	34	0
2952	121	161	0
2953	121	214	0
2954	25	46	0
2955	18	54	0
2956	50	202	0
2957	79	150	0
2958	75	188	0
2959	49	104	0
2960	64	154	0
2961	111	257	0
2962	35	97	0
2963	77	149	0
2964	81	189	0
2965	70	232	0
2966	49	178	0
2967	86	179	0
2968	61	101	0
2969	169	285	0
2970	135	226	0
2971	57	83	0
2972	138	200	0
2973	152	221	0
2974	134	195	0
2975	157	228	0
2976	76	126	0
2977	140	233	0
2978	77	128	0
2979	142	236	0
2980	127	211	0
2981	91	202	0
2982	123	272	0
2983	91	203	0
2984	107	206	0
2985	133	255	0
2986	99	189	0
2987	82	158	0
2988	81	183	0
2989	79	178	0
2990	73	132	0
2991	79	143	0
2992	92	166	0
2993	46	79	0
2994	2	3	0
2995	37	65	0
2996	14	24	0
2997	104	146	0
2998	109	155	0
2999	127	186	0
3000	132	193	0
3001	124	182	0
3002	97	138	0
3003	49	69	0
3004	134	223	0
3005	145	241	0
3006	98	163	0
3007	190	228	0
3008	95	176	0
3009	129	153	0
3010	111	132	0
3011	105	362	0
3012	130	228	0
3013	104	182	0
3014	139	245	0
3015	153	269	0
3016	85	150	0
3017	153	270	0
3018	187	329	0
3019	118	208	0
3020	120	212	0
3021	105	185	0
3022	121	247	0
3023	172	228	0
3024	200	265	0
3025	198	158	0
3026	205	164	0
3027	213	247	0
3028	196	227	0
3029	211	243	0
3030	158	183	0
3031	80	93	0
3032	92	107	0
3033	125	146	0
3034	91	106	0
3035	89	200	0
3036	48	109	0
3037	66	150	0
3038	79	190	0
3039	95	229	0
3040	146	348	0
3041	152	363	0
3042	49	80	0
3043	53	87	0
3044	66	242	0
3045	64	239	0
3046	164	257	0
3047	136	214	0
3048	15	57	0
3049	487	316	0
3050	503	318	0
3051	201	143	0
3052	57	120	0
3053	287	215	0
3054	201	119	0
3055	280	231	0
3056	173	131	0
3057	101	119	0
3058	46	95	0
3059	0	0	0
3060	396	268	0
3061	292	218	0
3062	290	262	0
3063	498	554	0
3064	358	444	0
3065	332	300	0
3066	363	292	0
3067	292	268	0
3068	305	226	0
3069	306	210	0
3070	308	245	0
3071	340	282	0
3072	360	402	0
3073	339	426	0
3074	1	0	0
3075	266	361	0
3076	1	0	0
3077	0	0	0
3078	0	0	0
3079	0	0	0
3080	0	0	0
3081	0	0	0
3082	0	0	0
3083	0	0	0
3084	0	0	0
3085	0	0	0
3086	0	0	0
3087	183	261	0
3088	140	201	0
3089	132	189	0
3090	100	150	0
3091	180	270	0
3092	302	377	0
3093	199	300	0
3094	99	148	0
3095	126	230	0
3096	244	446	0
3097	158	197	0
3098	203	269	0
3099	163	217	0
3100	162	216	0
3101	176	233	0
3102	178	236	0
3103	98	181	0
3104	78	264	0
3105	138	213	0
3106	51	89	0
3107	51	85	0
3108	69	154	0
3109	72	204	0
3110	93	205	0
3111	73	210	0
3112	125	223	0
3113	23	52	0
3114	48	147	0
3115	92	143	0
3116	43	109	0
3117	52	205	0
3118	64	185	0
3119	77	148	0
3120	82	155	0
3121	159	201	0
3122	160	214	0
3123	217	264	0
3124	158	233	0
3125	167	211	0
3126	155	226	0
3127	206	247	0
3128	200	283	0
3129	81	144	0
3130	48	89	0
3131	87	125	0
3132	88	110	0
3133	30	34	0
3134	129	238	0
3135	73	178	0
3136	36	67	0
3137	66	124	0
3138	48	83	0
3139	23	42	0
3140	71	118	0
3141	30	51	0
3142	67	132	0
3143	48	83	0
3144	93	175	0
3145	145	250	0
3146	103	179	0
3147	113	211	0
3148	42	96	0
3149	111	251	0
3150	137	228	0
3151	91	166	0
3152	43	106	0
3153	35	85	0
3154	65	223	0
3155	38	105	0
3156	37	91	0
3157	88	188	0
3158	194	288	0
3159	69	105	0
3160	65	117	0
3161	145	255	0
3162	58	88	0
3163	97	222	0
3164	56	96	0
3165	113	232	0
3166	47	109	0
3167	136	133	0
3168	82	81	0
3169	109	146	0
3170	175	231	0
3171	68	75	0
3172	161	222	0
3173	110	193	0
3174	52	71	0
3175	55	75	0
3176	53	71	0
3177	55	75	0
3178	63	107	0
3179	45	77	0
3180	63	105	0
3181	72	98	0
3182	18	25	0
3183	56	98	0
3184	70	144	0
3185	22	46	0
3186	12	19	0
3187	66	100	0
3188	77	100	0
3189	51	92	0
3190	83	152	0
3191	46	73	0
3192	129	202	0
3193	28	45	0
3194	89	164	0
3195	132	210	0
3196	115	161	0
3197	37	52	0
3198	99	185	0
3199	26	49	0
3200	104	84	0
3201	101	34	0
3202	98	79	0
3203	99	80	0
3204	114	91	0
3205	244	228	0
3206	187	182	0
3207	163	153	0
3208	289	281	0
3209	281	276	0
3210	11	11	0
3211	14	13	0
3212	530	461	0
3213	517	450	0
3214	408	357	0
3215	639	457	0
3216	565	376	0
3217	443	455	0
3218	412	352	0
3219	199	169	0
3220	203	174	0
3221	233	203	0
3222	239	208	0
3223	217	189	0
3224	219	175	0
3225	156	125	0
3226	208	166	0
3227	291	310	0
3228	168	174	0
3229	244	253	0
3230	156	144	0
3231	374	346	0
3232	307	365	0
3233	145	195	0
3234	185	247	0
3235	185	248	0
3236	204	274	0
3237	220	197	0
3238	148	133	0
3239	223	199	0
3240	252	226	0
3241	231	207	0
3242	0	3	0
3243	260	709	0
3244	455	756	0
3245	166	427	0
3246	164	361	0
3247	224	559	0
3248	401	745	0
3249	243	304	0
3250	256	444	0
3251	85	217	0
3252	263	569	0
3253	174	433	0
3254	281	553	0
3255	165	352	0
3256	223	655	0
3257	167	358	0
3258	74	264	0
3259	330	636	0
3260	177	250	0
3261	98	102	0
3262	282	616	0
3263	119	289	0
3264	92	214	0
3265	187	348	0
3266	200	325	0
3267	296	212	0
3268	311	238	0
3269	204	278	0
3270	367	374	0
3271	411	253	0
3272	185	160	0
3273	312	222	0
3274	216	189	0
3275	282	368	0
3276	326	299	0
3277	178	182	0
3278	310	175	0
3279	104	82	0
3280	182	48	0
3281	204	461	0
3282	231	500	0
3283	306	456	0
3284	230	370	0
3285	224	462	0
3286	208	444	0
3287	227	369	0
3288	327	453	0
3289	292	537	0
3290	234	481	0
3291	387	391	0
3292	255	400	0
3293	315	282	0
3294	330	238	0
3295	311	405	0
3296	250	450	0
3297	405	661	0
3298	322	510	0
3299	317	469	0
3300	275	490	0
3301	310	670	0
3302	265	547	0
3303	195	259	0
3304	298	349	0
3305	268	371	0
3306	136	162	0
3307	231	289	0
3308	290	365	0
3309	445	564	0
3310	410	615	0
3311	260	326	0
3312	164	308	0
3313	144	270	0
3314	129	244	0
3315	148	263	0
3316	154	272	0
3317	134	239	0
3318	143	233	0
3319	132	216	0
3320	133	218	0
3321	745	196	0
3322	289	7	0
3323	632	145	0
3324	1132	197	0
3325	551	84	0
3326	1017	414	0
3327	280	240	0
3328	865	308	0
3329	470	115	0
3330	582	432	0
3331	713	116	0
3332	644	97	0
3333	353	75	0
3334	810	20	0
3335	341	282	0
3336	988	150	0
3337	397	111	0
3338	606	156	0
3339	572	59	0
3340	817	33	0
3341	783	19	0
3342	631	26	0
3343	261	18	0
3344	285	7	0
3345	598	24	0
3346	563	23	0
3347	461	47	0
3348	165	12	0
3349	287	20	0
3350	481	83	0
3351	492	50	0
3352	995	217	0
3353	1020	628	0
3354	615	230	0
3355	325	349	0
3356	670	87	0
3357	571	23	0
3358	480	20	0
3359	510	83	0
3360	543	22	0
3361	548	22	0
3362	663	68	0
3363	553	14	0
3364	805	33	0
3365	747	30	0
3366	413	10	0
3367	736	18	0
3368	379	40	0
3369	556	14	0
3370	482	12	0
3371	491	12	0
3372	726	18	0
3373	268	19	0
3374	418	10	0
3375	708	154	0
3376	624	15	0
3377	761	19	0
3378	563	14	0
3379	1138	28	0
3380	810	20	0
3381	668	16	0
3382	552	14	0
3383	526	13	0
3384	1118	28	0
3385	921	23	0
3386	669	16	0
3387	467	11	0
3388	874	22	0
3389	726	18	0
3390	1000	25	0
3391	512	13	0
3392	732	30	0
3393	796	56	0
3394	492	75	0
3395	370	157	0
3396	484	65	0
3397	432	109	0
3398	473	119	0
3399	758	167	0
3400	606	517	0
3401	214	251	0
3402	281	369	0
3403	451	321	0
3404	320	312	0
3405	348	353	0
3406	299	401	0
3407	238	202	0
3408	319	279	0
3409	452	294	0
3410	424	322	0
3411	982	114	0
3412	-43	-31	0
3413	253	236	0
3414	312	8	0
3415	480	12	0
3416	726	104	0
3417	602	159	0
3418	589	15	0
3419	952	39	0
3420	629	15	0
3421	876	22	0
3422	984	24	0
3423	1158	29	0
3424	979	24	0
3425	470	12	0
3426	401	10	0
3427	932	23	0
3428	676	17	0
3429	683	17	0
3430	384	9	0
3431	589	15	0
3432	613	15	0
3433	552	14	0
3434	505	12	0
3435	857	21	0
3436	447	11	0
3437	598	15	0
3438	579	14	0
3439	606	15	0
3440	547	13	0
3441	578	14	0
3442	634	16	0
3443	702	29	0
3444	395	42	0
3445	773	123	0
3446	634	90	0
3447	552	287	0
3448	542	403	0
3449	470	155	0
3450	447	179	0
3451	512	289	0
3452	869	318	0
3453	454	121	0
3454	364	155	0
3455	497	186	0
3456	520	137	0
3457	374	94	0
3458	1411	99	0
3459	1091	44	0
3460	412	10	0
3461	509	13	0
3462	534	13	0
3463	556	14	0
3464	359	9	0
3465	281	7	0
3466	241	6	0
3467	816	20	0
3468	589	15	0
3469	747	18	0
3470	533	13	0
3471	446	11	0
3472	364	9	0
3473	649	16	0
3474	467	12	0
3475	376	9	0
3476	673	17	0
3477	432	18	0
3478	427	17	0
3479	402	10	0
3480	572	14	0
3481	193	5	0
3482	287	7	0
3483	560	14	0
3484	613	87	0
3485	432	115	0
3486	237	51	0
3487	505	152	0
3488	789	384	0
3489	427	11	0
3490	298	7	0
3491	99	2	0
3492	393	10	0
3493	529	13	0
3494	754	19	0
3495	450	11	0
3496	671	17	0
3497	720	535	0
3498	1086	506	0
3499	731	298	0
3500	823	462	0
3501	495	651	0
3502	758	249	0
3503	686	489	0
3504	539	464	0
3505	694	561	0
3506	670	585	0
3507	147	66	0
3508	140	111	0
3509	371	54	0
3510	311	282	0
3511	177	194	0
3512	234	236	0
3513	535	13	0
3514	302	40	0
3515	380	9	0
3516	674	28	0
3517	286	7	0
3518	582	14	0
3519	508	13	0
3520	306	31	0
3521	345	8	0
3522	474	119	0
3523	616	164	0
3524	340	246	0
3525	321	283	0
3526	336	172	0
3527	323	253	0
3528	441	378	0
3529	260	347	0
3530	192	322	0
3531	195	312	0
3532	1366	1269	0
3533	424	262	0
3534	241	64	0
3535	177	50	0
3536	160	26	0
3537	148	40	0
3538	325	132	0
3539	231	62	0
3540	283	76	0
3541	471	114	0
3542	258	61	0
3543	311	71	0
3544	231	59	0
3545	189	52	0
3546	126	16	0
3547	467	48	0
3548	173	30	0
3549	132	30	0
3550	321	46	0
3551	157	20	0
3552	117	22	0
3553	92	11	0
3554	154	19	0
3555	511	248	0
3556	218	37	0
3557	308	44	0
3558	230	41	0
3559	180	57	0
3560	269	49	0
3561	166	58	0
3562	958	391	0
3563	566	270	0
3564	262	232	0
3565	305	270	0
3566	765	176	0
3567	278	181	0
3568	740	158	0
3569	168	62	0
3570	145	43	0
3571	90	27	0
3572	163	79	0
3573	102	26	0
3574	80	26	0
3575	140	40	0
3576	143	29	0
3577	294	76	0
3578	323	127	0
3579	247	82	0
3580	153	123	0
3581	225	141	0
3582	436	329	0
3583	236	147	0
3584	481	379	0
3585	280	199	0
3586	248	287	0
3587	256	206	0
3588	534	493	0
3589	237	398	0
3590	269	372	0
3591	518	507	0
3592	311	456	0
3593	128	195	0
3594	172	266	0
3595	489	465	0
3596	372	582	0
3597	491	377	0
3598	247	267	0
3599	433	350	0
3600	742	439	0
3601	181	164	0
3602	163	43	0
3603	229	225	0
3604	380	88	0
3605	79	29	0
3606	202	121	0
3607	210	122	0
3608	352	394	0
3609	272	156	0
3610	146	129	0
3611	190	189	0
3612	260	165	0
3613	360	236	0
3614	276	205	0
3615	348	158	0
3616	487	278	0
3617	500	204	0
3618	365	169	0
3619	457	216	0
3620	694	288	0
3621	514	343	0
3622	337	252	0
3623	507	423	0
3624	381	283	0
3625	337	311	0
3626	360	266	0
3627	340	261	0
3628	334	119	0
3629	461	339	0
3630	134	67	0
3631	243	178	0
3632	374	323	0
3633	704	599	0
3634	259	288	0
3635	497	453	0
3636	290	261	0
3637	364	290	0
3638	20	0	0
3639	104	19	0
3640	61	13	0
3641	96	39	0
3642	44	13	0
3643	157	55	0
3644	0	2	0
3645	0	0	0
3646	280	466	0
3647	336	560	0
3648	279	465	0
3649	246	409	0
3650	263	437	0
3651	282	375	0
3652	200	376	0
3653	280	491	0
3654	326	572	0
3655	298	636	0
3656	292	601	0
3657	237	506	0
3658	242	558	0
3659	275	631	0
3660	323	743	0
3661	257	428	0
3662	143	238	0
3663	101	134	0
3664	282	375	0
3665	60	83	0
3666	146	230	0
3667	155	231	0
3668	136	122	0
3669	121	108	0
3670	117	105	0
3671	170	152	0
3672	166	155	0
3673	145	141	0
3674	216	210	0
3675	123	120	0
3676	382	313	0
3677	174	162	0
3678	174	142	0
3679	173	141	0
3680	332	110	0
3681	549	182	0
3682	549	182	0
3683	276	91	0
3684	300	325	0
3685	176	137	0
3686	283	307	0
3687	271	293	0
3688	431	154	0
3689	311	111	0
3690	302	107	0
3691	392	139	0
3692	279	236	0
3693	244	161	0
3694	310	262	0
3695	236	237	0
3696	167	223	0
3697	200	244	0
3698	187	218	0
3699	128	168	0
3700	269	384	0
3701	206	272	0
3702	283	371	0
3703	245	322	0
3704	177	245	0
3705	91	150	0
3706	223	262	0
3707	318	556	0
3708	487	535	0
3709	481	460	0
3710	401	613	0
3711	734	750	0
3712	328	381	0
3713	379	330	0
3714	482	775	0
3715	227	315	0
3716	486	621	0
3717	475	361	0
3718	540	485	0
3719	530	716	0
3720	266	240	0
3721	585	495	0
3722	592	485	0
3723	568	663	0
3724	419	665	0
3725	406	488	0
3726	385	549	0
3727	412	711	0
3728	320	562	0
3729	478	487	0
3730	392	438	0
3731	287	416	0
3732	402	292	0
3733	494	371	0
3734	345	258	0
3735	476	453	0
3736	399	347	0
3737	327	395	0
3738	408	440	0
3739	331	382	0
3740	474	534	0
3741	398	432	0
3742	511	569	0
3743	459	550	0
3744	556	847	0
3745	349	364	0
3746	322	447	0
3747	285	443	0
3748	463	616	0
3749	494	759	0
3750	448	716	0
3751	386	359	0
3752	464	515	0
3753	329	436	0
3754	420	724	0
3755	315	330	0
3756	401	654	0
3757	161	91	0
3758	81	46	0
3759	116	88	0
3760	114	86	0
3761	102	57	0
3762	103	78	0
3763	255	447	0
3764	189	333	0
3765	187	212	0
3766	322	366	0
3767	261	346	0
3768	281	372	0
3769	324	311	0
3770	315	308	0
3771	365	300	0
3772	411	402	0
3773	275	225	0
3774	399	363	0
3775	101	242	0
3776	88	165	0
3777	22	42	0
3778	34	64	0
3779	187	243	0
3780	59	131	0
3781	49	110	0
3782	0	0	0
3783	65	105	0
3784	78	173	0
3785	62	129	0
3786	72	149	0
3787	29	61	0
3788	56	169	0
3789	71	79	0
3790	34	59	0
3791	19	34	0
3792	141	198	0
3793	11	29	0
3794	116	164	0
3795	3	8	0
3796	59	83	0
3797	1	3	0
3798	84	236	0
3799	35	102	0
3800	88	246	0
3801	161	188	0
3802	100	118	0
3803	9	17	0
3804	29	49	0
3805	57	102	0
3806	31	48	0
3807	106	171	0
3808	0	0	0
3809	80	215	0
3810	82	130	0
3811	2	4	0
3812	11	27	0
3813	34	146	0
3814	94	106	0
3815	65	73	0
3816	49	55	0
3817	131	148	0
3818	88	99	0
3819	67	76	0
3820	97	103	0
3821	64	68	0
3822	87	92	0
3823	76	82	0
3824	99	106	0
3825	42	44	0
3826	60	57	0
3827	154	146	0
3828	126	119	0
3829	75	71	0
3830	2	3	0
3831	0	0	0
3832	0	1	0
3833	0	0	0
3834	97	145	0
3835	144	215	0
3836	16	23	0
3837	7	10	0
3838	78	118	0
3839	144	216	0
3840	65	74	0
3841	83	95	0
3842	109	125	0
3843	57	65	0
3844	80	91	0
3845	91	104	0
3846	71	81	0
3847	82	95	0
3848	89	102	0
3849	52	59	0
3850	103	117	0
3851	87	100	0
3852	85	97	0
3853	99	114	0
3854	71	81	0
3855	1	2	0
3856	0	0	0
3857	6	11	0
3858	2	5	0
3859	0	0	0
3860	73	83	0
3861	0	0	0
3862	89	164	0
3863	96	178	0
3864	39	106	0
3865	23	40	0
3866	48	85	0
3867	59	151	0
3868	65	97	0
3869	24	53	0
3870	16	34	0
3871	16	35	0
3872	0	1	0
3873	1	3	0
3874	11	31	0
3875	85	164	0
3876	122	297	0
3877	50	97	0
3878	51	104	0
3879	59	119	0
3880	101	203	0
3881	64	125	0
3882	89	210	0
3883	105	260	0
3884	46	108	0
3885	41	94	0
3886	107	237	0
3887	62	153	0
3888	49	131	0
3889	48	88	0
3890	68	106	0
3891	55	91	0
3892	33	105	0
3893	73	247	0
3894	29	91	0
3895	37	129	0
3896	144	316	0
3897	63	125	0
3898	75	195	0
3899	82	160	0
3900	81	138	0
3901	103	262	0
3902	58	134	0
3903	50	124	0
3904	108	252	0
3905	81	217	0
3906	67	142	0
3907	56	128	0
3908	115	228	0
3909	99	192	0
3910	99	214	0
3911	48	95	0
3912	145	221	0
3913	127	178	0
3914	114	173	0
3915	47	62	0
3916	112	167	0
3917	37	55	0
3918	39	60	0
3919	130	184	0
3920	96	152	0
3921	75	127	0
3922	60	86	0
3923	57	80	0
3924	64	99	0
3925	82	139	0
3926	36	67	0
3927	115	162	0
3928	0	0	0
3929	128	263	0
3930	50	93	0
3931	130	204	0
3932	110	169	0
3933	0	0	0
3934	80	115	0
3935	84	131	0
3936	73	135	0
3937	47	94	0
3938	73	195	0
3939	127	217	0
3940	57	127	0
3941	192	343	0
3942	108	224	0
3943	99	152	0
3944	142	167	0
3945	199	288	0
3946	41	52	0
3947	155	246	0
3948	67	132	0
3949	210	257	0
3950	89	125	0
3951	149	278	0
3952	31	76	0
3953	52	114	0
3954	22	38	0
3955	113	253	0
3956	93	201	0
3957	140	239	0
3958	97	245	0
3959	157	321	0
3960	121	238	0
3961	76	129	0
3962	34	84	0
3963	65	114	0
3964	121	151	0
3965	200	212	0
3966	229	237	0
3967	149	197	0
3968	152	189	0
3969	223	176	0
3970	202	156	0
3971	174	153	0
3972	36	51	0
3973	16	26	0
3974	193	227	0
3975	110	177	0
3976	99	116	0
3977	134	186	0
3978	159	164	0
3979	48	66	0
3980	69	94	0
3981	28	32	0
3982	108	106	0
3983	117	150	0
3984	8	13	0
3985	73	67	0
3986	119	89	0
3987	146	145	0
3988	135	157	0
3989	3	6	0
3990	106	123	0
3991	33	42	0
3992	93	96	0
3993	112	112	0
3994	31	31	0
3995	170	293	0
3996	141	242	0
3997	143	246	0
3998	69	142	0
3999	149	332	0
4000	48	114	0
4001	176	222	0
4002	139	225	0
4003	179	289	0
4004	76	122	0
4005	295	228	0
4006	582	427	0
4007	856	451	0
4008	268	332	0
4009	0	2	0
4010	227	183	0
4011	402	469	0
4012	532	136	0
4013	317	318	0
4014	259	248	0
4015	187	225	0
4016	208	398	0
4017	195	319	0
4018	224	403	0
4019	162	355	0
4020	245	921	0
4021	211	517	0
4022	7	13	0
4023	1	23	0
4024	0	0	0
4025	178	166	0
4026	372	290	0
4027	409	378	0
4028	365	330	0
4029	508	375	0
4030	387	318	0
4031	434	413	0
4032	145	71	0
4033	329	438	0
4034	367	602	0
4035	294	311	0
4036	342	680	0
4037	142	352	0
4038	0	12	0
4039	5	93	0
4040	284	400	0
4041	306	346	0
4042	53	60	0
4043	42	45	0
4044	66	48	0
4045	388	325	0
4046	41	34	0
4047	11	6	0
4048	256	471	0
4049	168	181	0
4050	0	1	0
4051	5	2	0
4052	0	0	0
4053	0	0	0
4054	44	55	0
4055	61	105	0
4056	119	207	0
4057	76	198	0
4058	70	181	0
4059	101	184	0
4060	70	124	0
4061	90	233	0
4062	124	258	0
4063	130	290	0
4064	87	168	0
4065	4	8	0
4066	119	231	0
4067	106	238	0
4068	140	289	0
4069	118	282	0
4070	0	775	0
4071	0	1	0
4072	96	251	0
4073	84	219	0
4074	127	330	0
4075	64	170	0
4076	95	248	0
4077	0	1	0
4078	1	5	0
4079	95	214	0
4080	38	86	0
4081	156	297	0
4082	133	318	0
4083	126	324	0
4084	50	112	0
4085	0	2	0
4086	5	12	0
4087	99	370	0
4088	106	344	0
4089	87	282	0
4090	83	160	0
4091	114	273	0
4092	51	122	0
4093	88	209	0
4094	84	201	0
4095	35	85	0
4096	89	184	0
4097	128	267	0
4098	112	233	0
4099	104	217	0
4100	99	208	0
4101	90	189	0
4102	93	195	0
4103	95	199	0
4104	203	404	0
4105	251	488	0
4106	337	654	0
4107	99	145	0
4108	249	363	0
4109	244	356	0
4110	154	268	0
4111	56	116	0
4112	163	181	0
4113	215	240	0
4114	34	38	0
4115	241	362	0
4116	170	257	0
4117	328	494	0
4118	318	581	0
4119	211	363	0
4120	149	268	0
4121	0	0	0
4122	170	479	0
4123	127	369	0
4124	164	462	0
4125	32	58	0
4126	137	412	0
4127	47	132	0
4128	178	535	0
4129	214	603	0
4130	284	521	0
4131	0	0	0
4132	0	0	0
4133	91	317	0
4134	21	80	0
4135	116	255	0
4136	118	303	0
4137	121	241	0
4138	0	0	0
4139	264	284	0
4140	176	191	0
4141	137	148	0
4142	348	371	0
4143	347	370	0
4144	394	344	0
4145	382	335	0
4146	181	180	0
4147	230	230	0
4148	359	357	0
4149	0	0	0
4150	58	147	0
4151	49	122	0
4152	48	121	0
4153	170	228	0
4154	159	206	0
4155	129	188	0
4156	149	218	0
4157	133	180	0
4158	150	186	0
4159	160	208	0
4160	104	157	0
4161	14	27	0
4162	120	280	0
4163	1	1	0
4164	34	40	0
4165	21	35	0
4166	206	262	0
4167	245	310	0
4168	90	107	0
4169	114	237	0
4170	132	157	0
4171	188	265	0
4172	169	308	0
4173	166	303	0
4174	77	94	0
4175	8	9	0
4176	0	0	0
4177	105	239	0
4178	70	192	0
4179	92	153	0
4180	92	132	0
4181	20	60	0
4182	82	106	0
4183	104	135	0
4184	125	163	0
4185	132	172	0
4186	115	150	0
4187	42	55	0
4188	86	190	0
4189	80	176	0
4190	57	96	0
4191	104	178	0
4192	94	161	0
4193	58	100	0
4194	97	165	0
4195	64	110	0
4196	78	230	0
4197	47	139	0
4198	115	176	0
4199	78	182	0
4200	59	137	0
4201	78	183	0
4202	14	79	0
4203	2	7	0
4204	34	34	0
4205	110	260	0
4206	74	180	0
4207	90	232	0
4208	55	141	0
4209	94	243	0
4210	72	183	0
4211	333	602	0
4212	299	594	0
4213	316	522	0
4214	271	454	0
4215	259	431	0
4216	346	536	0
4217	252	584	0
4218	1	0	0
4219	104	295	0
4220	77	264	0
4221	163	403	0
4222	86	214	0
4223	104	269	0
4224	79	206	0
4225	98	235	0
4226	71	187	0
4227	93	228	0
4228	81	248	0
4229	75	177	0
4230	110	232	0
4231	95	226	0
4232	110	405	0
4233	12	47	0
4234	28	89	0
4235	82	316	0
4236	116	378	0
4237	101	261	0
4238	120	309	0
4239	128	341	0
4240	118	267	0
4241	114	256	0
4242	111	292	0
4243	124	346	0
4244	114	335	0
4245	129	254	0
4246	93	315	0
4247	106	332	0
4248	131	262	0
4249	107	262	0
4250	90	377	0
4251	112	474	0
4252	147	423	0
4253	171	496	0
4254	41	175	0
4255	385	856	0
4256	89	334	0
4257	239	616	0
4258	212	549	0
4259	89	359	0
4260	277	662	0
4261	151	257	0
4262	102	215	0
4263	294	535	0
4264	231	610	0
4265	154	410	0
4266	187	409	0
4267	113	248	0
4268	268	472	0
4269	177	392	0
4270	302	379	0
4271	136	351	0
4272	193	522	0
4273	165	447	0
4274	65	177	0
4275	44	95	0
4276	44	177	0
4277	10	20	0
4278	374	527	0
4279	282	400	0
4280	310	441	0
4281	235	378	0
4282	348	488	0
4283	247	362	0
4284	300	489	0
4285	108	283	0
4286	117	269	0
4287	104	235	0
4288	107	232	0
4289	116	197	0
4290	46	80	0
4291	49	95	0
4292	109	274	0
4293	49	127	0
4294	116	362	0
4295	160	378	0
4296	6	24	0
4297	136	422	0
4298	113	349	0
4299	138	230	0
4300	129	215	0
4301	109	141	0
4302	109	128	0
4303	121	144	0
4304	109	128	0
4305	96	153	0
4306	20	32	0
4307	83	71	0
4308	97	116	0
4309	11	13	0
4310	237	135	0
4311	95	89	0
4312	79	74	0
4313	29	8	0
4314	51	58	0
4315	102	156	0
4316	41	63	0
4317	70	135	0
4318	50	71	0
4319	78	111	0
4320	113	163	0
4321	184	263	0
4322	98	101	0
4323	124	137	0
4324	96	104	0
4325	141	154	0
4326	108	118	0
4327	44	60	0
4328	164	223	0
4329	146	143	0
4330	110	162	0
4331	175	237	0
4332	110	223	0
4333	44	63	0
4334	30	22	0
4335	93	130	0
4336	89	106	0
4337	137	164	0
4338	116	190	0
4339	116	189	0
4340	95	156	0
4341	75	125	0
4342	119	137	0
4343	126	146	0
4344	139	160	0
4345	115	133	0
4346	114	131	0
4347	46	53	0
4348	83	123	0
4349	213	156	0
4350	187	137	0
4351	283	207	0
4352	192	188	0
4353	47	46	0
4354	127	125	0
4355	189	199	0
4356	129	134	0
4357	101	107	0
4358	152	181	0
4359	188	224	0
4360	142	169	0
4361	92	96	0
4362	91	103	0
4363	83	109	0
4364	19	25	0
4365	95	99	0
4366	137	150	0
4367	112	155	0
4368	173	241	0
4369	159	218	0
4370	135	184	0
4371	55	191	0
4372	75	135	0
4373	110	198	0
4374	132	237	0
4375	55	100	0
4376	54	74	0
4377	123	167	0
4378	90	122	0
4379	60	83	0
4380	77	105	0
4381	72	116	0
4382	96	155	0
4383	57	97	0
4384	57	98	0
4385	123	235	0
4386	74	142	0
4387	107	186	0
4388	44	98	0
4389	105	235	0
4390	133	162	0
4391	65	132	0
4392	84	116	0
4393	47	83	0
4394	133	222	0
4395	76	94	0
4396	75	93	0
4397	115	192	0
4398	101	182	0
4399	107	204	0
4400	113	216	0
4401	127	235	0
4402	122	226	0
4403	68	101	0
4404	71	106	0
4405	84	159	0
4406	101	183	0
4407	44	72	0
4408	78	86	0
4409	118	128	0
4410	118	82	0
4411	156	240	0
4412	95	164	0
4413	82	140	0
4414	106	184	0
4415	36	63	0
4416	44	74	0
4417	73	110	0
4418	77	118	0
4419	102	164	0
4420	39	64	0
4421	63	86	0
4422	86	140	0
4423	175	249	0
4424	18	26	0
4425	122	171	0
4426	118	166	0
4427	76	106	0
4428	103	169	0
4429	76	124	0
4430	72	120	0
4431	107	177	0
4432	54	88	0
4433	107	128	0
4434	141	168	0
4435	44	53	0
4436	74	89	0
4437	109	219	0
4438	44	88	0
4439	82	135	0
4440	12	11	0
4441	0	0	0
4442	103	184	0
4443	202	198	0
4444	60	87	0
4445	123	173	0
4446	106	116	0
4447	75	128	0
4448	168	177	0
4449	167	172	0
4450	66	80	0
4451	102	177	0
4452	157	257	0
4453	67	79	0
4454	186	160	0
4455	169	145	0
4456	263	207	0
4457	209	250	0
4458	145	178	0
4459	126	154	0
4460	82	102	0
4461	43	54	0
4462	126	91	0
4463	207	148	0
4464	164	118	0
4465	233	188	0
4466	220	177	0
4467	143	123	0
4468	157	135	0
4469	213	184	0
4470	93	70	0
4471	148	185	0
4472	180	182	0
4473	133	144	0
4474	120	145	0
4475	0	0	0
4476	66	18	0
4477	219	172	0
4478	145	149	0
4479	81	96	0
4480	46	54	0
4481	197	257	0
4482	266	269	0
4483	286	341	0
4484	297	289	0
4485	319	363	0
4486	307	350	0
4487	181	155	0
4488	190	194	0
4489	203	221	0
4490	113	125	0
4491	91	111	0
4492	97	147	0
4493	100	79	0
4494	202	205	0
4495	171	177	0
4496	110	108	0
4497	126	112	0
4498	162	144	0
4499	176	124	0
4500	240	139	0
4501	213	205	0
4502	37	18	0
4503	207	150	0
4504	215	145	0
4505	40	38	0
4506	107	54	0
4507	296	151	0
4508	102	69	0
4509	185	52	0
4510	264	74	0
4511	268	81	0
4512	242	214	0
4513	168	177	0
4514	201	176	0
4515	207	99	0
4516	165	107	0
4517	143	93	0
4518	173	201	0
4519	153	121	0
4520	202	202	0
4521	199	96	0
4522	132	124	0
4523	189	78	0
4524	252	234	0
4525	184	167	0
4526	84	64	0
4527	192	114	0
4528	41	34	0
4529	138	194	0
4530	0	0	0
4531	0	0	0
4532	0	0	0
4533	2	3	0
4534	0	0	0
4535	0	0	0
4536	0	0	0
4537	0	0	0
4538	0	0	0
4539	0	0	0
4540	120	156	0
4541	143	155	0
4542	182	197	0
4543	97	108	0
4544	104	124	0
4545	137	108	0
4546	87	68	0
4547	173	94	0
4548	54	46	0
4549	27	16	0
4550	64	53	0
4551	102	113	0
4552	47	51	0
4553	207	235	0
4554	38	43	0
4555	77	68	0
4556	132	158	0
4557	75	99	0
4558	109	110	0
4559	31	53	0
4560	35	58	0
4561	53	58	0
4562	60	106	0
4563	27	25	0
4564	60	56	0
4565	78	71	0
4566	123	106	0
4567	180	154	0
4568	114	188	0
4569	132	85	0
4570	86	55	0
4571	37	23	0
4572	9	6	0
4573	124	79	0
4574	111	71	0
4575	7	4	0
4576	71	66	0
4577	22	20	0
4578	88	83	0
4579	90	83	0
4580	98	131	0
4581	75	108	0
4582	45	91	0
4583	120	166	0
4584	110	153	0
4585	111	155	0
4586	96	164	0
4587	239	413	0
4588	175	298	0
4589	203	346	0
4590	218	382	0
4591	228	399	0
4592	193	338	0
4593	167	293	0
4594	75	176	0
4595	57	134	0
4596	98	232	0
4597	91	218	0
4598	64	154	0
4599	61	144	0
4600	41	97	0
4601	59	113	0
4602	80	154	0
4603	117	228	0
4604	117	215	0
4605	192	536	0
4606	200	557	0
4607	305	561	0
4608	267	569	0
4609	119	258	0
4610	130	205	0
4611	357	460	0
4612	259	334	0
4613	251	312	0
4614	361	449	0
4615	219	406	0
4616	191	238	0
4617	246	323	0
4618	190	344	0
4619	228	357	0
4620	235	427	0
4621	269	421	0
4622	202	425	0
4623	114	207	0
4624	142	294	0
4625	0	0	0
4626	34	82	0
4627	61	148	0
4628	71	173	0
4629	44	107	0
4630	34	82	0
4631	49	120	0
4632	104	254	0
4633	63	155	0
4634	125	167	0
4635	136	149	0
4636	319	349	0
4637	209	270	0
4638	154	169	0
4639	292	343	0
4640	261	373	0
4641	165	234	0
4642	212	303	0
4643	320	457	0
4644	349	450	0
4645	194	252	0
4646	224	289	0
4647	179	306	0
4648	188	323	0
4649	369	482	0
4650	157	172	0
4651	236	284	0
4652	197	257	0
4653	373	587	0
4654	169	205	0
4655	165	308	0
4656	167	249	0
4657	150	216	0
4658	62	84	0
4659	93	287	0
4660	67	229	0
4661	113	347	0
4662	72	223	0
4663	104	325	0
4664	108	350	0
4665	63	234	0
4666	66	224	0
4667	86	265	0
4668	93	318	0
4669	67	231	0
4670	445	102	0
4671	447	54	0
4672	874	178	0
4673	401	19	0
4674	332	16	0
4675	376	58	0
4676	301	31	0
4677	357	51	0
4678	559	122	0
4679	489	190	0
4680	438	127	0
4681	402	148	0
4682	407	328	0
4683	573	185	0
4684	480	117	0
4685	489	525	0
4686	266	48	0
4687	260	15	0
4688	233	15	0
4689	520	626	0
4690	517	141	0
4691	753	212	0
4692	678	145	0
4693	560	188	0
4694	478	290	0
4695	48	93	0
4696	496	759	0
4697	458	553	0
4698	647	176	0
4699	496	128	0
4700	317	101	0
4701	425	86	0
4702	436	128	0
4703	376	370	0
4704	336	349	0
4705	298	198	0
4706	100	310	0
4707	76	220	0
4708	99	267	0
4709	90	242	0
4710	72	194	0
4711	107	291	0
4712	101	276	0
4713	84	229	0
4714	80	222	0
4715	61	169	0
4716	68	186	0
4717	80	220	0
4718	91	126	0
4719	100	139	0
4720	96	132	0
4721	69	96	0
4722	68	95	0
4723	84	117	0
4724	68	95	0
4725	272	378	0
4726	76	165	0
4727	94	203	0
4728	73	158	0
4729	90	194	0
4730	104	226	0
4731	87	188	0
4732	84	183	0
4733	120	278	0
4734	103	237	0
4735	89	205	0
4736	104	242	0
4737	81	189	0
4738	109	253	0
4739	99	229	0
4740	97	328	0
4741	50	167	0
4742	72	240	0
4743	80	269	0
4744	52	175	0
4745	96	324	0
4746	49	166	0
4747	70	238	0
4748	74	252	0
4749	65	222	0
4750	143	246	0
4751	138	230	0
4752	105	149	0
4753	95	244	0
4754	82	210	0
4755	74	190	0
4756	59	149	0
4757	111	286	0
4758	67	94	0
4759	86	107	0
4760	27	20	0
4761	130	136	0
4762	129	134	0
4763	23	24	0
4764	0	2	0
4765	51	56	0
4766	96	187	0
4767	60	131	0
4768	73	76	0
4769	101	109	0
4770	121	134	0
4771	177	109	0
4772	84	157	0
4773	7	13	0
4774	73	105	0
4775	30	52	0
4776	27	48	0
4777	126	225	0
4778	12	22	0
4779	65	95	0
4780	56	55	0
4781	80	73	0
4782	86	69	0
4783	90	81	0
4784	77	68	0
4785	51	80	0
4786	82	64	0
4787	75	102	0
4788	70	92	0
4789	51	85	0
4790	57	94	0
4791	40	49	0
4792	54	65	0
4793	66	85	0
4794	23	29	0
4795	46	59	0
4796	48	57	0
4797	33	39	0
4798	63	69	0
4799	111	119	0
4800	93	92	0
4801	14	14	0
4802	122	141	0
4803	139	108	0
4804	281	219	0
4805	229	206	0
4806	212	162	0
4807	181	181	0
4808	180	87	0
4809	146	68	0
4810	17	4	0
4811	128	139	0
4812	212	148	0
4813	258	184	0
4814	114	24	0
4815	193	25	0
4816	238	68	0
4817	182	160	0
4818	368	55	0
4819	392	144	0
4820	207	166	0
4821	226	91	0
4822	235	86	0
4823	217	187	0
4824	280	240	0
4825	251	559	0
4826	201	206	0
4827	0	0	0
4828	124	161	0
4829	171	208	0
4830	111	123	0
4831	139	143	0
4832	139	118	0
4833	96	75	0
4834	187	226	0
4835	196	229	0
4836	71	82	0
4837	128	146	0
4838	73	65	0
4839	54	135	0
4840	83	169	0
4841	13	11	0
4842	0	0	0
4843	230	140	0
4844	104	63	0
4845	60	138	0
4846	91	189	0
4847	75	150	0
4848	94	278	0
4849	273	109	0
4850	216	87	0
4851	287	115	0
4852	237	94	0
4853	270	107	0
4854	259	103	0
4855	189	62	0
4856	224	64	0
4857	189	49	0
4858	214	56	0
4859	188	96	0
4860	192	55	0
4861	205	82	0
4862	227	65	0
4863	0	0	0
4864	0	0	0
4865	195	128	0
4866	180	115	0
4867	262	167	0
4868	94	60	0
4869	84	54	0
4870	84	54	0
4871	220	141	0
4872	184	186	0
4873	56	75	0
4874	100	108	0
4875	143	174	0
4876	90	96	0
4877	2	0	0
4878	679	360	0
4879	637	322	0
4880	452	148	0
4881	345	136	0
4882	661	267	0
4883	396	206	0
4884	779	301	0
4885	570	233	0
4886	486	209	0
4887	384	150	0
4888	572	197	0
4889	775	450	0
4890	683	272	0
4891	727	364	0
4892	553	227	0
4893	392	185	0
4894	746	361	0
4895	694	372	0
4896	167	91	0
4897	151	227	0
4898	389	509	0
4899	446	627	0
4900	229	302	0
4901	382	183	0
4902	598	344	0
4903	0	0	0
4904	921	529	0
4905	753	391	0
4906	5	9	0
4907	0	0	0
4908	0	0	0
4909	8	12	0
4910	0	0	0
4911	167	125	0
4912	168	126	0
4913	233	174	0
4914	153	114	0
4915	126	94	0
4916	66	49	0
4917	10	5	0
4918	40	22	0
4919	61	31	0
4920	168	203	0
4921	111	159	0
4922	48	59	0
4923	109	111	0
4924	148	150	0
4925	185	145	0
4926	195	110	0
4927	130	74	0
4928	238	134	0
4929	220	124	0
4930	114	65	0
4931	146	82	0
4932	163	92	0
4933	222	125	0
4934	3	5	0
4935	0	0	0
4936	0	0	0
4937	0	0	0
4938	194	155	0
4939	181	129	0
4940	206	146	0
4941	151	107	0
4942	131	144	0
4943	76	117	0
4944	95	102	0
4945	98	95	0
4946	150	138	0
4947	220	174	0
4948	76	59	0
4949	343	177	0
4950	28	16	0
4951	180	105	0
4952	100	57	0
4953	174	101	0
4954	88	67	0
4955	57	33	0
4956	3	3	0
4957	0	0	0
4958	139	158	0
4959	129	130	0
4960	145	314	0
4961	62	128	0
4962	79	111	0
4963	135	112	0
4964	184	160	0
4965	88	78	0
4966	75	68	0
4967	67	158	0
4968	3	7	0
4969	18	25	0
4970	78	108	0
4971	15	55	0
4972	93	189	0
4973	2	20	0
4974	14	24	0
4975	55	199	0
4976	11	33	0
4977	38	116	0
4978	53	161	0
4979	6	29	0
4980	23	56	0
4981	11	26	0
4982	7	19	0
4983	3	7	0
4984	43	107	0
4985	28	145	0
4986	34	97	0
4987	20	45	0
4988	32	48	0
4989	7	34	0
4990	31	61	0
4991	41	81	0
4992	30	59	0
4993	41	82	0
4994	37	74	0
4995	49	98	0
4996	5	9	0
4997	14	29	0
4998	4	8	0
4999	15	31	0
5000	14	29	0
5001	16	33	0
5002	14	28	0
5003	4	8	0
5004	19	80	0
5005	2	12	0
5006	20	119	0
5007	4	28	0
5008	29	65	0
5009	12	40	0
5010	13	43	0
5011	106	145	0
5012	21	58	0
5013	13	42	0
5014	23	43	0
5015	22	43	0
5016	105	155	0
5017	9	13	0
5018	31	88	0
5019	3	9	0
5020	31	89	0
5021	16	48	0
5022	4	13	0
5023	8	36	0
5024	34	120	0
5025	51	120	0
5026	32	43	0
5027	0	0	0
5028	4	14	0
5029	58	122	0
5030	14	27	0
5031	72	120	0
5032	102	140	0
5033	72	126	0
5034	81	105	0
5035	82	126	0
5036	69	104	0
5037	59	118	0
5038	74	141	0
5039	105	220	0
5040	103	160	0
5041	16	69	0
5042	76	122	0
5043	101	169	0
5044	96	169	0
5045	110	173	0
5046	109	105	0
5047	97	151	0
5048	102	143	0
5049	50	82	0
5050	80	97	0
5051	79	115	0
5052	54	74	0
5053	68	99	0
5054	92	221	0
5055	76	166	0
5056	85	186	0
5057	122	194	0
5058	102	163	0
5059	196	360	0
5060	181	333	0
5061	158	230	0
5062	219	321	0
5063	193	299	0
5064	112	174	0
5065	226	220	0
5066	234	228	0
5067	220	349	0
5068	143	226	0
5069	96	225	0
5070	92	216	0
5071	74	175	0
5072	86	202	0
5073	51	120	0
5074	68	160	0
5075	88	206	0
5076	105	249	0
5077	113	267	0
5078	110	261	0
5079	85	202	0
5080	52	123	0
5081	56	132	0
5082	72	171	0
5083	126	209	0
5084	87	145	0
5085	86	144	0
5086	99	116	0
5087	58	83	0
5088	80	84	0
5089	89	125	0
5090	85	112	0
5091	72	77	0
5092	113	122	0
5093	71	107	0
5094	83	144	0
5095	89	147	0
5096	83	112	0
5097	114	144	0
5098	91	169	0
5099	104	192	0
5100	89	166	0
5101	95	176	0
5102	109	203	0
5103	89	165	0
5104	84	135	0
5105	105	206	0
5106	102	187	0
5107	34	73	0
5108	44	94	0
5109	76	164	0
5110	111	140	0
5111	121	153	0
5112	146	186	0
5113	162	206	0
5114	13	26	0
5115	62	89	0
5116	70	100	0
5117	48	69	0
5118	53	76	0
5119	90	120	0
5120	108	215	0
5121	101	201	0
5122	123	248	0
5123	81	162	0
5124	85	170	0
5125	96	192	0
5126	79	111	0
5127	73	105	0
5128	58	82	0
5129	47	67	0
5130	127	212	0
5131	126	210	0
5132	76	128	0
5133	72	121	0
5134	74	124	0
5135	101	170	0
5136	105	252	0
5137	1	2	0
5138	140	194	0
5139	84	97	0
5140	50	90	0
5141	58	116	0
5142	94	180	0
5143	91	172	0
5144	68	128	0
5145	53	95	0
5146	121	254	0
5147	131	274	0
5148	104	220	0
5149	118	248	0
5150	145	306	0
5151	77	162	0
5152	46	96	0
5153	69	142	0
5154	93	196	0
5155	57	118	0
5156	31	48	0
5157	84	160	0
5158	56	97	0
5159	138	109	0
5160	152	120	0
5161	270	213	0
5162	135	107	0
5163	142	112	0
5164	228	179	0
5165	346	273	0
5166	128	101	0
5167	137	108	0
5168	259	204	0
5169	146	115	0
5170	152	119	0
5171	134	105	0
5172	143	113	0
5173	168	144	0
5174	83	71	0
5175	89	75	0
5176	141	121	0
5177	175	111	0
5178	2	7	0
5179	145	193	0
5180	157	210	0
5181	90	88	0
5182	114	111	0
5183	107	104	0
5184	158	155	0
5185	166	217	0
5186	102	133	0
5187	56	74	0
5188	219	154	0
5189	118	83	0
5190	41	40	0
5191	103	100	0
5192	8	8	0
5193	37	49	0
5194	65	87	0
5195	246	241	0
5196	178	188	0
5197	32	44	0
5198	87	151	0
5199	133	145	0
5200	139	151	0
5201	116	127	0
5202	63	67	0
5203	89	135	0
5204	147	222	0
5205	22	34	0
5206	33	28	0
5207	45	66	0
5208	93	111	0
5209	256	295	0
5210	106	121	0
5211	173	181	0
5212	267	208	0
5213	255	198	0
5214	266	208	0
5215	263	205	0
5216	115	121	0
5217	142	149	0
5218	94	101	0
5219	100	108	0
5220	94	102	0
5221	117	141	0
5222	118	146	0
5223	144	172	0
5224	115	143	0
5225	116	143	0
5226	114	141	0
5227	92	102	0
5228	93	102	0
5229	84	93	0
5230	44	47	0
5231	117	141	0
5232	78	133	0
5233	78	134	0
5234	41	70	0
5235	42	76	0
5236	206	146	0
5237	186	132	0
5238	191	135	0
5239	157	110	0
5240	113	79	0
5241	278	124	0
5242	246	109	0
5243	198	146	0
5244	107	79	0
5245	56	41	0
5246	85	63	0
5247	37	37	0
5248	34	33	0
5249	87	86	0
5250	187	197	0
5251	68	100	0
5252	50	74	0
5253	135	113	0
5254	134	112	0
5255	84	180	0
5256	69	138	0
5257	59	120	0
5258	22	20	0
5259	0	0	0
5260	0	0	0
5261	118	172	0
5262	115	84	0
5263	148	108	0
5264	97	71	0
5265	129	94	0
5266	27	19	0
5267	22	12	0
5268	60	48	0
5269	47	58	0
5270	59	104	0
5271	35	63	0
5272	26	37	0
5273	69	83	0
5274	76	92	0
5275	75	90	0
5276	74	88	0
5277	4	5	0
5278	7	9	0
5279	78	105	0
5280	93	124	0
5281	112	150	0
5282	66	88	0
5283	72	96	0
5284	75	101	0
5285	27	37	0
5286	15	20	0
5287	138	144	0
5288	189	218	0
5289	99	114	0
5290	9	54	0
5291	21	46	0
5292	12	24	0
5293	18	39	0
5294	41	31	0
5295	13	28	0
5296	33	76	0
5297	130	190	0
5298	88	128	0
5299	174	224	0
5300	95	129	0
5301	39	100	0
5302	38	50	0
5303	72	104	0
5304	102	148	0
5305	66	152	0
5306	26	65	0
5307	90	216	0
5308	90	262	0
5309	28	53	0
5310	60	142	0
5311	197	65	0
5312	95	183	0
5313	71	155	0
5314	109	208	0
5315	90	162	0
5316	114	189	0
5317	38	171	0
5318	76	287	0
5319	34	62	0
5320	71	199	0
5321	45	54	0
5322	64	195	0
5323	24	43	0
5324	21	43	0
5325	38	119	0
5326	54	190	0
5327	56	144	0
5328	56	164	0
5329	92	122	0
5330	56	169	0
5331	65	153	0
5332	36	73	0
5333	85	157	0
5334	96	280	0
5335	38	114	0
5336	133	259	0
5337	1	2	0
5338	0	1	0
5339	0	0	0
5340	30	70	0
5341	71	125	0
5342	59	140	0
5343	114	305	0
5344	10	40	0
5345	0	0	0
5346	70	94	0
5347	80	115	0
5348	38	148	0
5349	69	229	0
5350	110	288	0
5351	73	176	0
5352	92	197	0
5353	65	150	0
5354	103	146	0
5355	90	163	0
5356	87	149	0
5357	81	145	0
5358	69	129	0
5359	90	167	0
5360	112	212	0
5361	83	158	0
5362	102	192	0
5363	99	178	0
5364	87	173	0
5365	139	303	0
5366	61	146	0
5367	62	146	0
5368	101	262	0
5369	28	67	0
5370	113	246	0
5371	124	247	0
5372	120	262	0
5373	102	204	0
5374	37	50	0
5375	101	117	0
5376	80	138	0
5377	51	79	0
5378	56	172	0
5379	93	195	0
5380	36	179	0
5381	63	315	0
5382	70	355	0
5383	128	199	0
5384	109	169	0
5385	87	135	0
5386	84	146	0
5387	115	206	0
5388	85	156	0
5389	77	194	0
5390	60	152	0
5391	105	265	0
5392	72	299	0
5393	103	432	0
5394	78	328	0
5395	145	276	0
5396	165	314	0
5397	138	264	0
5398	116	221	0
5399	112	229	0
5400	164	337	0
5401	109	225	0
5402	97	358	0
5403	60	218	0
5404	72	266	0
5405	103	375	0
5406	100	233	0
5407	86	175	0
5408	74	185	0
5409	54	106	0
5410	48	86	0
5411	95	220	0
5412	146	262	0
5413	67	487	0
5414	53	389	0
5415	57	418	0
5416	23	170	0
5417	0	0	0
5418	58	117	0
5419	125	255	0
5420	105	213	0
5421	119	217	0
5422	152	279	0
5423	79	145	0
5424	81	145	0
5425	62	112	0
5426	100	179	0
5427	102	245	0
5428	51	125	0
5429	102	248	0
5430	136	353	0
5431	125	326	0
5432	89	233	0
5433	105	274	0
5434	119	301	0
5435	94	242	0
5436	171	313	0
5437	70	127	0
5438	165	303	0
5439	47	114	0
5440	93	298	0
5441	83	256	0
5442	33	122	0
5443	461	553	0
5444	372	403	0
5445	330	360	0
5446	309	247	0
5447	407	472	0
5448	109	98	0
5449	43	47	0
5450	200	186	0
5451	51	42	0
5452	265	252	0
5453	334	256	0
5454	298	316	0
5455	456	381	0
5456	259	171	0
5457	157	100	0
5458	335	345	0
5459	311	280	0
5460	293	198	0
5461	476	428	0
5462	370	309	0
5463	181	146	0
5464	510	431	0
5465	456	559	0
5466	536	495	0
5467	399	384	0
5468	382	428	0
5469	6	9	0
5470	0	0	0
5471	0	0	0
5472	168	285	0
5473	189	320	0
5474	74	126	0
5475	173	294	0
5476	140	237	0
5477	117	200	0
5478	85	144	0
5479	140	238	0
5480	177	301	0
5481	93	159	0
5482	87	157	0
5483	103	185	0
5484	180	238	0
5485	187	248	0
5486	142	189	0
5487	175	235	0
5488	160	214	0
5489	123	165	0
5490	97	174	0
5491	97	260	0
5492	78	212	0
5493	59	159	0
5494	75	290	0
5495	80	313	0
5496	55	138	0
5497	195	332	0
5498	124	211	0
5499	207	352	0
5500	190	323	0
5501	56	91	0
5502	73	240	0
5503	69	233	0
5504	18	97	0
5505	54	215	0
5506	44	75	0
5507	66	101	0
5508	51	173	0
5509	53	183	0
5510	17	87	0
5511	54	160	0
5512	22	68	0
5513	46	141	0
5514	43	86	0
5515	50	119	0
5516	79	188	0
5517	21	25	0
5518	24	123	0
5519	62	78	0
5520	61	121	0
5521	63	126	0
5522	65	129	0
5523	61	122	0
5524	59	119	0
5525	63	126	0
5526	56	112	0
5527	56	112	0
5528	118	369	0
5529	49	153	0
5530	69	217	0
5531	44	81	0
5532	29	48	0
5533	93	195	0
5534	32	84	0
5535	49	133	0
5536	67	81	0
5537	55	133	0
5538	44	91	0
5539	86	213	0
5540	107	74	0
5541	52	35	0
5542	102	80	0
5543	108	85	0
5544	101	80	0
5545	139	122	0
5546	60	52	0
5547	137	122	0
5548	26	22	0
5549	97	45	0
5550	106	47	0
5551	87	37	0
5552	36	22	0
5553	68	40	0
5554	161	152	0
5555	36	34	0
5556	62	49	0
5557	114	59	0
5558	167	89	0
5559	122	88	0
5560	170	124	0
5561	161	116	0
5562	56	56	0
5563	94	95	0
5564	210	211	0
5565	121	86	0
5566	104	74	0
5567	123	88	0
5568	253	185	0
5569	68	49	0
5570	80	59	0
5571	70	51	0
5572	125	67	0
5573	28	15	0
5574	105	96	0
5575	106	99	0
5576	107	98	0
5577	116	94	0
5578	36	29	0
5579	92	60	0
5580	46	34	0
5581	28	21	0
5582	94	71	0
5583	158	75	0
5584	135	64	0
5585	171	190	0
5586	192	152	0
5587	184	145	0
5588	386	305	0
5589	51	40	0
5590	69	42	0
5591	70	42	0
5592	123	71	0
5593	120	70	0
5594	113	65	0
5595	203	281	0
5596	57	78	0
5597	16	23	0
5598	43	79	0
5599	107	252	0
5600	10	23	0
5601	45	93	0
5602	15	32	0
5603	136	190	0
5604	13	19	0
5605	100	222	0
5606	44	58	0
5607	82	138	0
5608	132	272	0
5609	18	39	0
5610	58	52	0
5611	112	106	0
5612	63	60	0
5613	75	101	0
5614	120	248	0
5615	34	72	0
5616	92	119	0
5617	21	27	0
5618	12	16	0
5619	68	82	0
5620	54	64	0
5621	52	63	0
5622	46	56	0
5623	68	139	0
5624	20	40	0
5625	5	11	0
5626	35	65	0
5627	70	132	0
5628	45	85	0
5629	20	37	0
5630	113	119	0
5631	117	152	0
5632	58	70	0
5633	61	90	0
5634	68	67	0
5635	38	43	0
5636	40	44	0
5637	70	189	0
5638	190	151	0
5639	42	65	0
5640	21	34	0
5641	12	19	0
5642	27	56	0
5643	102	105	0
5644	101	105	0
5645	101	105	0
5646	90	93	0
5647	112	117	0
5648	111	114	0
5649	80	82	0
5650	96	99	0
5651	83	86	0
5652	75	123	0
5653	110	180	0
5654	98	161	0
5655	16	27	0
5656	82	70	0
5657	67	58	0
5658	140	172	0
5659	94	116	0
5660	65	81	0
5661	31	38	0
5662	45	55	0
5663	119	150	0
5664	69	116	0
5665	16	24	0
5666	133	190	0
5667	93	138	0
5668	115	202	0
5669	128	192	0
5670	74	130	0
5671	85	121	0
5672	25	37	0
5673	192	341	0
5674	73	115	0
5675	141	252	0
5676	145	269	0
5677	91	154	0
5678	57	89	0
5679	59	83	0
5680	43	65	0
5681	9	15	0
5682	48	83	0
5683	64	44	0
5684	53	37	0
5685	116	79	0
5686	21	15	0
5687	113	78	0
5688	105	72	0
5689	167	115	0
5690	160	268	0
5691	31	54	0
5692	93	161	0
5693	174	347	0
5694	140	218	0
5695	16	31	0
5696	108	317	0
5697	95	178	0
5698	142	260	0
5699	62	114	0
5700	56	87	0
5701	195	265	0
5702	217	387	0
5703	190	335	0
5704	228	319	0
5705	60	93	0
5706	60	92	0
5707	82	190	0
5708	25	40	0
5709	26	42	0
5710	29	49	0
5711	20	35	0
5712	25	39	0
5713	27	37	0
5714	14	29	0
5715	0	0	0
5716	0	0	0
5717	90	189	0
5718	90	143	0
5719	81	225	0
5720	106	265	0
5721	5	11	0
5722	43	59	0
5723	91	127	0
5724	76	107	0
5725	82	115	0
5726	51	71	0
5727	53	74	0
5728	45	63	0
5729	94	130	0
5730	72	101	0
5731	69	97	0
5732	112	157	0
5733	78	109	0
5734	89	124	0
5735	86	121	0
5736	0	0	0
5737	85	175	0
5738	80	165	0
5739	119	244	0
5740	65	132	0
5741	76	155	0
5742	37	77	0
5743	55	113	0
5744	106	218	0
5745	49	102	0
5746	18	38	0
5747	4	9	0
5748	99	228	0
5749	125	289	0
5750	127	293	0
5751	131	304	0
5752	77	180	0
5753	109	326	0
5754	64	241	0
5755	88	324	0
5756	130	390	0
5757	84	250	0
5758	22	68	0
5759	187	380	0
5760	159	324	0
5761	170	367	0
5762	217	370	0
5763	204	347	0
5764	177	382	0
5765	69	118	0
5766	0	0	0
5767	51	104	0
5768	85	189	0
5769	118	218	0
5770	86	172	0
5771	98	195	0
5772	52	103	0
5773	90	179	0
5774	90	182	0
5775	51	102	0
5776	89	179	0
5777	91	182	0
5778	71	130	0
5779	64	119	0
5780	57	106	0
5781	74	136	0
5782	0	0	0
5783	129	322	0
5784	68	168	0
5785	81	203	0
5786	111	307	0
5787	110	281	0
5788	101	257	0
5789	161	198	0
5790	152	187	0
5791	130	158	0
5792	124	150	0
5793	70	104	0
5794	103	151	0
5795	84	100	0
5796	122	145	0
5797	53	63	0
5798	91	135	0
5799	0	0	0
5800	0	0	0
5801	0	0	0
5802	0	0	0
5803	60	138	0
5804	68	156	0
5805	86	196	0
5806	23	54	0
5807	51	148	0
5808	4	10	0
5809	61	136	0
5810	80	180	0
5811	42	94	0
5812	61	139	0
5813	120	270	0
5814	30	67	0
5815	49	111	0
5816	18	34	0
5817	100	179	0
5818	141	247	0
5819	82	139	0
5820	68	127	0
5821	96	163	0
5822	101	275	0
5823	67	188	0
5824	76	213	0
5825	67	186	0
5826	75	212	0
5827	79	198	0
5828	121	277	0
5829	134	311	0
5830	143	306	0
5831	56	142	0
5832	114	346	0
5833	113	332	0
5834	103	273	0
5835	99	214	0
5836	104	201	0
5837	93	189	0
5838	61	232	0
5839	57	209	0
5840	31	115	0
5841	346	255	0
5842	158	117	0
5843	150	94	0
5844	270	170	0
5845	306	213	0
5846	332	231	0
5847	315	235	0
5848	113	85	0
5849	109	81	0
5850	124	170	0
5851	171	235	0
5852	24	35	0
5853	91	173	0
5854	117	244	0
5855	93	194	0
5856	113	219	0
5857	107	67	0
5858	189	191	0
5859	19	19	0
5860	26	26	0
5861	89	124	0
5862	105	112	0
5863	17	18	0
5864	36	39	0
5865	56	96	0
5866	62	123	0
5867	20	40	0
5868	15	30	0
5869	55	83	0
5870	109	117	0
5871	8	8	0
5872	56	58	0
5873	19	25	0
5874	33	43	0
5875	129	203	0
5876	75	93	0
5877	28	45	0
5878	49	59	0
5879	155	206	0
5880	42	30	0
5881	58	42	0
5882	58	41	0
5883	74	96	0
5884	154	179	0
5885	37	57	0
5886	52	87	0
5887	8	13	0
5888	171	101	0
5889	185	110	0
5890	95	122	0
5891	78	99	0
5892	79	115	0
5893	112	125	0
5894	0	0	0
5895	0	0	0
5896	92	161	0
5897	35	47	0
5898	4	6	0
5899	80	125	0
5900	26	64	0
5901	90	120	0
5902	138	211	0
5903	29	40	0
5904	63	265	0
5905	62	259	0
5906	47	195	0
5907	56	234	0
5908	28	118	0
5909	91	382	0
5910	124	350	0
5911	121	340	0
5912	0	0	0
5913	143	403	0
5914	116	428	0
5915	122	448	0
5916	109	405	0
5917	111	413	0
5918	97	331	0
5919	82	280	0
5920	105	370	0
5921	94	321	0
5922	52	178	0
5923	102	432	0
5924	120	266	0
5925	134	321	0
5926	93	225	0
5927	218	483	0
5928	213	491	0
5929	133	307	0
5930	81	348	0
5931	161	392	0
5932	160	677	0
5933	151	636	0
5934	152	397	0
5935	248	648	0
5936	261	680	0
5937	111	280	0
5938	141	367	0
5939	176	426	0
5940	30	113	0
5941	138	449	0
5942	72	188	0
5943	22	48	0
5944	133	370	0
5945	126	357	0
5946	51	114	0
5947	54	146	0
5948	14	42	0
5949	229	502	0
5950	204	506	0
5951	71	153	0
5952	187	330	0
5953	238	549	0
5954	109	235	0
5955	0	0	0
5956	0	0	0
5957	0	0	0
5958	1	2	0
5959	0	0	0
5960	0	0	0
5961	0	0	0
5962	1	1	0
5963	0	0	0
5964	0	0	0
5965	0	0	0
5966	0	0	0
5967	115	424	0
5968	87	282	0
5969	36	133	0
5970	86	327	0
5971	93	360	0
5972	2	4	0
5973	92	344	0
5974	90	410	0
5975	65	169	0
5976	105	276	0
5977	107	348	0
5978	96	315	0
5979	106	344	0
5980	62	211	0
5981	0	0	0
5982	56	268	0
5983	68	325	0
5984	67	321	0
5985	58	386	0
5986	61	407	0
5987	56	371	0
5988	93	240	0
5989	132	333	0
5990	86	228	0
5991	94	248	0
5992	87	249	0
5993	0	0	0
5994	42	142	0
5995	95	329	0
5996	0	0	0
5997	47	196	0
5998	50	205	0
5999	98	411	0
6000	82	348	0
6001	39	140	0
6002	60	252	0
6003	98	417	0
6004	42	176	0
6005	65	286	0
6006	219	957	0
6007	137	428	0
6008	101	640	0
6009	97	403	0
6010	191	800	0
6011	150	486	0
6012	185	601	0
6013	98	317	0
6014	82	242	0
6015	56	175	0
6016	87	258	0
6017	83	217	0
6018	57	224	0
6019	76	226	0
6020	80	239	0
6021	61	182	0
6022	0	0	0
6023	85	238	0
6024	39	99	0
6025	124	397	0
6026	90	307	0
6027	42	157	0
6028	91	278	0
6029	107	369	0
6030	9	29	0
6031	50	210	0
6032	78	325	0
6033	84	344	0
6034	228	550	0
6035	146	388	0
6036	74	174	0
6037	290	521	0
6038	226	407	0
6039	88	183	0
6040	267	626	0
6041	295	732	0
6042	261	553	0
6043	228	533	0
6044	68	141	0
6045	126	299	0
6046	165	409	0
6047	83	179	0
6048	117	265	0
6049	144	293	0
6050	125	302	0
6051	0	0	0
6052	97	212	0
6053	164	354	0
6054	145	310	0
6055	129	324	0
6056	285	611	0
6057	269	668	0
6058	0	3	0
6059	0	0	0
6060	0	0	0
6061	0	0	0
6062	0	0	0
6063	0	0	0
6064	0	0	0
6065	0	0	0
6066	147	478	0
6067	66	213	0
6068	113	359	0
6069	58	183	0
6070	117	356	0
6071	72	245	0
6072	46	149	0
6073	2	4	0
6074	59	175	0
6075	54	160	0
6076	43	128	0
6077	0	0	0
6078	279	614	0
6079	295	716	0
6080	307	777	0
6081	154	401	0
6082	298	840	0
6083	189	492	0
6084	245	524	0
6085	316	695	0
6086	235	529	0
6087	241	773	0
6088	215	599	0
6089	307	775	0
6090	272	713	0
6091	166	617	0
6092	241	655	0
6093	79	311	0
6094	256	672	0
6095	201	564	0
6096	188	477	0
6097	204	609	0
6098	228	495	0
6099	314	700	0
6100	229	560	0
6101	326	754	0
6102	149	253	0
6103	97	174	0
6104	102	250	0
6105	94	272	0
6106	115	238	0
6107	162	425	0
6108	100	260	0
6109	59	129	0
6110	71	161	0
6111	60	223	0
6112	77	155	0
6113	68	140	0
6114	113	230	0
6115	33	286	0
6116	76	217	0
6117	78	224	0
6118	53	152	0
6119	84	240	0
6120	60	172	0
6121	91	259	0
6122	67	190	0
6123	62	178	0
6124	50	146	0
6125	43	126	0
6126	76	220	0
6127	48	139	0
6128	66	190	0
6129	66	191	0
6130	72	291	0
6131	99	405	0
6132	81	484	0
6133	67	405	0
6134	93	379	0
6135	58	236	0
6136	109	433	0
6137	45	182	0
6138	104	332	0
6139	105	337	0
6140	51	163	0
6141	85	267	0
6142	97	302	0
6143	73	232	0
6144	82	388	0
6145	59	391	0
6146	103	426	0
6147	72	279	0
6148	80	304	0
6149	111	409	0
6150	112	274	0
6151	160	386	0
6152	141	340	0
6153	128	322	0
6154	187	319	0
6155	132	246	0
6156	123	279	0
6157	146	342	0
6158	43	160	0
6159	75	235	0
6160	46	171	0
6161	115	366	0
6162	81	300	0
6163	129	441	0
6164	118	357	0
6165	115	379	0
6166	111	414	0
6167	129	408	0
6168	79	208	0
6169	87	230	0
6170	88	235	0
6171	98	261	0
6172	87	230	0
6173	112	298	0
6174	109	384	0
6175	93	330	0
6176	46	161	0
6177	59	210	0
6178	101	361	0
6179	59	211	0
6180	6	31	0
6181	0	0	0
6182	26	157	0
6183	74	178	0
6184	84	203	0
6185	214	705	0
6186	333	833	0
6187	142	489	0
6188	254	847	0
6189	176	591	0
6190	190	629	0
6191	378	779	0
6192	206	456	0
6193	287	628	0
6194	136	348	0
6195	247	452	0
6196	310	571	0
6197	129	283	0
6198	182	421	0
6199	280	435	0
6200	188	481	0
6201	234	406	0
6202	149	304	0
6203	243	740	0
6204	347	813	0
6205	316	817	0
6206	151	344	0
6207	283	678	0
6208	249	568	0
6209	252	690	0
6210	290	658	0
6211	233	731	0
6212	140	465	0
6213	173	552	0
6214	75	374	0
6215	80	401	0
6216	85	427	0
6217	33	166	0
6218	1	3	0
6219	91	459	0
6220	89	447	0
6221	85	431	0
6222	89	340	0
6223	89	340	0
6224	85	328	0
6225	86	438	0
6226	79	402	0
6227	66	337	0
6228	46	179	0
6229	0	4	0
6230	0	0	0
6231	91	302	0
6232	100	261	0
6233	95	318	0
6234	84	272	0
6235	90	235	0
6236	108	274	0
6237	52	132	0
6238	93	242	0
6239	82	215	0
6240	100	252	0
6241	55	232	0
6242	75	314	0
6243	88	366	0
6244	71	315	0
6245	61	315	0
6246	93	414	0
6247	79	328	0
6248	68	283	0
6249	46	192	0
6250	80	334	0
6251	62	261	0
6252	107	273	0
6253	266	685	0
6254	223	574	0
6255	219	539	0
6256	263	648	0
6257	293	720	0
6258	139	341	0
6259	130	321	0
6260	233	581	0
6261	200	499	0
6262	220	684	0
6263	219	686	0
6264	180	581	0
6265	239	775	0
6266	218	686	0
6267	207	653	0
6268	56	209	0
6269	100	376	0
6270	0	0	0
6271	291	725	0
6272	225	544	0
6273	273	749	0
6274	288	647	0
6275	422	932	0
6276	81	158	0
6277	21	85	0
6278	364	889	0
6279	295	740	0
6280	61	162	0
6281	98	384	0
6282	30	116	0
6283	46	122	0
6284	0	4	0
6285	254	764	0
6286	258	1000	0
6287	44	92	0
6288	448	1062	0
6289	34	80	0
6290	66	213	0
6291	349	774	0
6292	326	672	0
6293	207	582	0
6294	435	975	0
6295	182	490	0
6296	192	811	0
6297	429	981	0
6298	71	265	0
6299	94	350	0
6300	70	263	0
6301	333	745	0
6302	153	344	0
6303	208	467	0
6304	156	396	0
6305	207	527	0
6306	169	432	0
6307	196	469	0
6308	209	500	0
6309	116	279	0
6310	207	517	0
6311	237	593	0
6312	71	178	0
6313	7	18	0
6314	117	427	0
6315	123	451	0
6316	152	420	0
6317	147	540	0
6318	142	494	0
6319	133	371	0
6320	101	280	0
6321	86	302	0
6322	109	384	0
6323	6	10	0
6324	53	267	0
6325	118	327	0
6326	119	330	0
6327	148	411	0
6328	134	375	0
6329	45	127	0
6330	254	896	0
6331	138	489	0
6332	115	353	0
6333	109	406	0
6334	282	730	0
6335	232	705	0
6336	119	363	0
6337	209	818	0
6338	98	386	0
6339	218	741	0
6340	110	431	0
6341	98	387	0
6342	102	276	0
6343	105	285	0
6344	96	270	0
6345	118	218	0
6346	150	324	0
6347	49	107	0
6348	106	255	0
6349	114	225	0
6350	122	394	0
6351	117	344	0
6352	85	250	0
6353	95	280	0
6354	119	353	0
6355	82	269	0
6356	283	580	0
6357	254	616	0
6358	167	341	0
6359	190	467	0
6360	194	617	0
6361	174	647	0
6362	92	341	0
6363	7	21	0
6364	1	3	0
6365	2	4	0
6366	68	220	0
6367	86	306	0
6368	60	211	0
6369	103	365	0
6370	110	395	0
6371	54	195	0
6372	106	379	0
6373	121	392	0
6374	88	289	0
6375	99	322	0
6376	83	271	0
6377	119	334	0
6378	93	263	0
6379	113	319	0
6380	44	124	0
6381	230	550	0
6382	271	628	0
6383	108	183	0
6384	109	265	0
6385	265	416	0
6386	236	436	0
6387	142	354	0
6388	59	100	0
6389	361	719	0
6390	155	285	0
6391	149	222	0
6392	385	846	0
6393	242	595	0
6394	245	456	0
6395	167	249	0
6396	129	275	0
6397	409	886	0
6398	274	398	0
6399	306	524	0
6400	353	793	0
6401	250	573	0
6402	281	508	0
6403	181	419	0
6404	218	307	0
6405	206	220	0
6406	112	176	0
6407	9	17	0
6408	119	186	0
6409	118	172	0
6410	332	834	0
6411	282	828	0
6412	302	778	0
6413	252	380	0
6414	100	180	0
6415	376	703	0
6416	406	1104	0
6417	241	412	0
6418	334	680	0
6419	12	40	0
6420	0	0	0
6421	0	0	0
6422	0	0	0
6423	5	19	0
6424	4	12	0
6425	0	0	0
6426	0	0	0
6427	12	22	0
6428	0	0	0
6429	0	0	0
6430	160	225	0
6431	90	281	0
6432	98	304	0
6433	115	358	0
6434	117	365	0
6435	131	402	0
6436	93	334	0
6437	125	209	0
6438	99	357	0
6439	109	394	0
6440	81	292	0
6441	0	4	0
6442	81	213	0
6443	12	19	0
6444	89	272	0
6445	109	333	0
6446	31	53	0
6447	80	138	0
6448	89	177	0
6449	103	180	0
6450	104	185	0
6451	42	88	0
6452	54	99	0
6453	1	1	0
6454	0	0	0
6455	0	0	0
6456	139	308	0
6457	112	234	0
6458	47	102	0
6459	118	244	0
6460	67	161	0
6461	5	17	0
6462	32	99	0
6463	138	242	0
6464	65	109	0
6465	166	302	0
6466	109	174	0
6467	92	147	0
6468	35	63	0
6469	92	230	0
6470	46	131	0
6471	45	107	0
6472	92	129	0
6473	41	118	0
6474	35	97	0
6475	93	155	0
6476	91	133	0
6477	91	232	0
6478	36	85	0
6479	113	265	0
6480	48	136	0
6481	103	227	0
6482	56	123	0
6483	51	102	0
6484	48	105	0
6485	88	178	0
6486	58	140	0
6487	74	180	0
6488	34	82	0
6489	68	166	0
6490	37	97	0
6491	45	98	0
6492	46	93	0
6493	42	104	0
6494	42	93	0
6495	45	85	0
6496	113	294	0
6497	87	193	0
6498	45	113	0
6499	125	257	0
6500	43	89	0
6501	116	244	0
6502	60	98	0
6503	89	151	0
6504	122	221	0
6505	54	91	0
6506	49	103	0
6507	106	132	0
6508	79	103	0
6509	77	103	0
6510	72	92	0
6511	17	41	0
6512	106	269	0
6513	64	163	0
6514	62	112	0
6515	40	73	0
6516	60	87	0
6517	60	105	0
6518	141	219	0
6519	50	127	0
6520	39	94	0
6521	81	116	0
6522	74	100	0
6523	96	137	0
6524	87	95	0
6525	59	91	0
6526	106	118	0
6527	107	135	0
6528	91	127	0
6529	58	81	0
6530	104	158	0
6531	0	0	0
6532	17	139	0
6533	88	201	0
6534	75	166	0
6535	62	113	0
6536	67	112	0
6537	65	117	0
6538	87	177	0
6539	45	84	0
6540	131	299	0
6541	10	32	0
6542	71	209	0
6543	24	100	0
6544	54	102	0
6545	118	182	0
6546	85	185	0
6547	45	98	0
6548	132	222	0
6549	53	98	0
6550	56	146	0
6551	137	195	0
6552	113	163	0
6553	28	51	0
6554	79	74	0
6555	106	190	0
6556	67	121	0
6557	80	144	0
6558	102	184	0
6559	158	160	0
6560	84	89	0
6561	65	128	0
6562	89	166	0
6563	51	139	0
6564	133	246	0
6565	35	27	0
6566	18	20	0
6567	72	89	0
6568	13	30	0
6569	44	105	0
6570	45	54	0
6571	88	107	0
6572	199	283	0
6573	128	167	0
6574	183	194	0
6575	110	137	0
6576	70	95	0
6577	71	96	0
6578	69	93	0
6579	106	181	0
6580	87	149	0
6581	34	58	0
6582	115	139	0
6583	145	217	0
6584	128	192	0
6585	223	282	0
6586	239	276	0
6587	167	228	0
6588	169	226	0
6589	186	235	0
6590	111	178	0
6591	71	130	0
6592	19	20	0
6593	26	37	0
6594	105	109	0
6595	155	272	0
6596	169	286	0
6597	184	216	0
6598	98	216	0
6599	88	194	0
6600	102	224	0
6601	77	169	0
6602	89	195	0
6603	80	178	0
6604	83	183	0
6605	158	270	0
6606	212	362	0
6607	285	398	0
6608	215	369	0
6609	237	333	0
6610	355	497	0
6611	308	528	0
6612	274	308	0
6613	259	291	0
6614	161	180	0
6615	263	222	0
6616	249	225	0
6617	113	95	0
6618	190	189	0
6619	132	126	0
6620	260	259	0
6621	172	146	0
6622	96	96	0
6623	252	213	0
6624	135	113	0
6625	199	182	0
6626	238	218	0
6627	184	168	0
6628	217	199	0
6629	109	104	0
6630	115	110	0
6631	149	149	0
6632	0	0	0
6633	0	0	0
6634	0	0	0
6635	0	0	0
6636	0	0	0
6637	0	0	0
6638	0	0	0
6639	0	0	0
6640	0	0	0
6641	0	0	0
6642	0	0	0
6643	0	0	0
6644	0	0	0
6645	0	0	0
6646	0	0	0
6647	0	0	0
6648	0	0	0
6649	0	0	0
6650	0	0	0
6651	0	0	0
6652	0	0	0
6653	0	0	0
6654	0	0	0
6655	253	213	0
6656	0	0	0
6657	0	0	0
6658	1	1	0
6659	208	204	0
6660	195	193	0
6661	237	232	0
6662	239	234	0
6663	179	164	0
6664	182	166	0
6665	207	189	0
6666	146	133	0
6667	207	291	0
6668	202	283	0
6669	256	359	0
6670	186	262	0
6671	172	224	0
6672	178	232	0
6673	172	224	0
6674	232	303	0
6675	199	179	0
6676	188	164	0
6677	187	163	0
6678	244	213	0
6679	246	336	0
6680	233	318	0
6681	230	314	0
6682	193	263	0
6683	0	0	0
6684	0	0	0
6685	175	265	0
6686	188	285	0
6687	159	243	0
6688	181	276	0
6689	111	161	0
6690	167	272	0
6691	141	219	0
6692	90	137	0
6693	89	136	0
6694	78	102	0
6695	89	135	0
6696	57	67	0
6697	59	84	0
6698	75	85	0
6699	0	0	0
6700	193	243	0
6701	121	152	0
6702	115	155	0
6703	464	452	0
6704	456	350	0
6705	333	449	0
6706	306	379	0
6707	326	272	0
6708	438	293	0
6709	617	415	0
6710	503	332	0
6711	284	211	0
6712	533	385	0
6713	396	379	0
6714	407	297	0
6715	474	482	0
6716	438	490	0
6717	470	434	0
6718	527	583	0
6719	488	365	0
6720	426	560	0
6721	361	413	0
6722	134	252	0
6723	387	385	0
6724	204	272	0
6725	274	218	0
6726	554	341	0
6727	27	37	0
6728	138	167	0
6729	0	0	0
6730	27	29	0
6731	2	0	0
6732	0	3	0
6733	1	1	0
6734	0	0	0
6735	564	704	0
6736	0	0	0
6737	438	424	0
6738	0	28	0
6739	92	84	0
6740	369	301	0
6741	398	403	0
6742	73	91	0
6743	0	0	0
6744	137	220	0
6745	189	251	0
6746	70	94	0
6747	57	77	0
6748	57	76	0
6749	193	260	0
6750	9	21	0
6751	76	110	0
6752	180	263	0
6753	158	256	0
6754	79	118	0
6755	160	239	0
6756	104	170	0
6757	263	409	0
6758	0	0	0
6759	2	1	0
6760	119	286	0
6761	140	345	0
6762	111	172	0
6763	116	175	0
6764	122	221	0
6765	65	123	0
6766	160	326	0
6767	150	313	0
6768	96	174	0
6769	12	23	0
6770	2	3	0
6771	93	212	0
6772	36	83	0
6773	70	136	0
6774	0	0	0
6775	60	46	0
6776	79	85	0
6777	39	42	0
6778	64	69	0
6779	108	164	0
6780	80	238	0
6781	180	190	0
6782	57	174	0
6783	54	139	0
6784	32	51	0
6785	85	87	0
6786	25	32	0
6787	136	189	0
6788	177	225	0
6789	193	245	0
6790	161	205	0
6791	208	263	0
6792	135	172	0
6793	186	237	0
6794	193	245	0
6795	179	228	0
6796	102	86	0
6797	135	213	0
6798	139	233	0
6799	30	50	0
6800	117	253	0
6801	120	261	0
6802	91	147	0
6803	212	295	0
6804	170	237	0
6805	214	332	0
6806	181	276	0
6807	204	351	0
6808	175	280	0
6809	169	300	0
6810	178	227	0
6811	227	342	0
6812	68	111	0
6813	240	333	0
6814	121	190	0
6815	80	122	0
6816	72	115	0
6817	91	158	0
6818	88	112	0
6819	62	111	0
6820	31	56	0
6821	18	32	0
6822	0	0	0
6823	3	7	0
6824	0	0	0
6825	112	258	0
6826	65	50	0
6827	189	83	0
6828	112	102	0
6829	123	112	0
6830	109	100	0
6831	120	109	0
6832	140	214	0
6833	62	73	0
6834	193	227	0
6835	124	147	0
6836	100	102	0
6837	62	63	0
6838	0	0	0
6839	114	116	0
6840	45	75	0
6841	160	228	0
6842	38	54	0
6843	73	105	0
6844	122	268	0
6845	128	86	0
6846	180	149	0
6847	117	97	0
6848	108	118	0
6849	173	189	0
6850	181	198	0
6851	13	13	0
6852	150	164	0
6853	100	109	0
6854	158	173	0
6855	160	174	0
6856	2	2	0
6857	185	177	0
6858	7	6	0
6859	79	76	0
6860	200	160	0
6861	153	140	0
6862	45	42	0
6863	61	56	0
6864	96	132	0
6865	273	278	0
6866	97	99	0
6867	269	275	0
6868	76	78	0
6869	108	110	0
6870	139	151	0
6871	116	126	0
6872	213	232	0
6873	38	42	0
6874	125	136	0
6875	37	40	0
6876	248	270	0
6877	161	175	0
6878	162	177	0
6879	60	66	0
6880	179	196	0
6881	214	235	0
6882	102	112	0
6883	160	176	0
6884	124	136	0
6885	71	78	0
6886	118	130	0
6887	24	27	0
6888	1	1	0
6889	0	0	0
6890	0	0	0
6891	4	5	0
6892	0	0	0
6893	0	0	0
6894	169	243	0
6895	51	102	0
