1	91	83	0
2	87	80	0
3	44	41	0
4	56	52	0
5	157	160	0
6	54	56	0
7	20	20	0
8	60	70	1
9	113	134	0
10	37	64	0
11	73	95	0
12	177	229	0
13	34	43	0
14	92	112	0
15	74	91	0
16	106	100	0
17	105	121	0
18	105	121	0
19	28	87	0
20	62	75	0
21	97	114	0
22	29	28	0
23	75	72	0
24	52	50	0
25	124	147	0
26	190	198	0
27	68	71	0
28	201	190	0
29	31	29	0
30	20	19	0
31	33	33	0
32	131	170	1
33	147	191	0
34	155	200	0
35	119	155	0
36	163	212	0
37	62	94	0
38	129	197	0
39	95	122	1
40	95	123	0
41	24	31	0
42	8	3	0
43	0	0	0
44	79	104	0
45	238	186	0
46	162	52	0
47	177	68	0
48	224	139	0
49	240	80	0
50	195	47	0
51	252	46	0
52	177	77	0
53	168	40	0
54	206	67	0
55	219	79	0
56	163	86	0
57	15	8	0
58	70	38	0
59	78	82	0
60	207	103	0
61	16	15	0
62	45	44	0
63	135	113	0
64	185	37	0
65	53	18	0
66	63	20	0
67	163	65	0
68	113	72	0
69	21	14	0
70	10	6	0
71	16	20	0
72	19	24	0
73	147	20	0
74	202	26	0
75	27	23	0
76	147	194	0
77	16	22	0
78	80	121	0
79	115	118	0
80	56	57	0
81	119	112	0
82	110	154	2
83	62	87	1
84	35	49	1
85	47	67	0
86	100	140	0
87	11	15	0
88	37	52	0
89	47	88	0
90	50	95	0
91	122	147	0
92	141	208	0
93	53	79	0
94	26	38	0
95	199	332	0
96	82	107	0
97	76	101	0
98	70	92	0
99	74	97	0
100	200	284	0
101	126	180	0
102	108	143	0
103	161	132	0
104	96	77	1
105	108	86	0
106	112	90	0
107	103	83	0
108	174	165	0
109	56	69	0
110	75	139	0
111	123	161	0
112	33	58	0
113	42	72	0
114	65	52	0
115	42	43	0
116	171	175	0
117	79	152	0
118	45	86	0
119	186	184	0
120	2	1	0
121	0	0	0
122	74	87	0
123	96	114	0
124	59	61	0
125	60	58	0
126	45	42	0
127	132	210	0
128	119	189	0
129	76	89	1
130	151	178	1
131	110	129	1
132	109	128	0
133	139	163	0
134	81	95	0
135	72	85	0
136	94	111	0
137	65	77	0
138	81	96	0
139	103	121	0
140	153	180	0
141	77	90	0
142	143	179	0
143	137	171	0
144	150	189	0
145	117	147	0
146	85	145	0
147	122	157	0
148	94	165	0
149	118	207	0
150	86	151	0
151	76	133	0
152	140	154	0
153	130	113	0
154	100	102	1
155	104	110	0
156	0	0	0
157	259	153	0
158	257	208	1
159	67	14	0
160	62	12	0
161	61	12	0
162	67	13	0
163	342	105	0
164	217	100	0
165	132	59	0
166	192	218	0
167	94	55	0
168	84	82	0
169	154	97	0
170	55	39	0
171	128	93	0
172	150	77	0
173	129	94	0
174	92	60	0
175	220	145	0
176	114	82	0
177	86	67	0
178	86	68	0
179	31	5	0
180	86	58	0
181	82	107	0
182	39	29	0
183	140	119	0
184	80	43	0
185	134	87	0
186	310	34	2
187	124	13	0
188	50	58	0
189	288	69	1
190	118	28	0
191	130	31	0
192	242	58	0
193	210	87	0
194	310	305	0
195	475	468	0
196	206	243	1
197	457	539	1
198	310	491	3
199	410	652	2
200	151	228	1
201	244	368	0
202	178	269	0
203	0	0	0
204	173	227	0
205	194	253	0
206	204	294	1
207	205	296	1
208	227	332	1
209	239	350	0
210	225	385	0
211	278	477	0
212	273	511	1
213	262	491	0
214	287	382	1
215	180	240	0
216	244	323	1
217	215	284	1
218	152	201	0
219	170	226	0
220	168	222	0
221	199	264	0
222	329	534	1
223	260	422	0
224	331	537	0
225	309	501	0
226	0	220	3
227	0	255	4
228	0	211	2
229	428	487	1
230	386	439	1
231	242	275	1
232	286	326	0
233	0	114	5
234	329	329	1
235	295	295	1
236	344	344	0
237	0	340	8
238	0	484	15
239	0	554	18
240	0	420	12
241	0	664	21
242	0	619	18
243	0	625	19
244	3	4	0
245	0	0	0
246	0	0	0
247	109	157	0
248	192	277	0
249	101	233	0
250	46	108	0
251	6	9	0
252	432	518	1
253	577	583	5
254	542	802	0
255	268	319	0
256	542	772	0
257	290	383	1
258	591	665	1
259	196	173	0
260	269	237	0
261	248	298	0
262	226	171	31
263	277	144	38
264	250	258	0
265	511	321	40
266	481	243	42
267	353	222	46
268	332	352	1
269	214	158	38
270	279	171	32
271	223	121	47
272	124	75	0
273	228	186	32
274	346	191	87
275	337	225	40
276	272	144	27
277	121	57	20
278	308	195	40
279	386	302	78
280	432	192	60
281	380	283	93
282	301	248	92
283	262	161	32
284	435	498	1
285	290	353	0
286	193	131	36
287	304	264	63
288	466	338	46
289	480	402	39
290	329	259	59
291	163	221	0
292	244	213	24
293	433	461	2
294	527	720	4
295	479	950	2
296	457	488	3
297	434	737	2
298	124	222	0
299	120	215	0
300	113	203	0
301	166	337	0
302	153	311	0
303	135	274	0
304	108	218	0
305	109	221	0
306	143	292	0
307	151	308	0
308	126	258	0
309	0	0	0
310	0	268	4
311	0	348	5
312	0	356	8
313	157	289	1
314	0	244	5
315	0	238	4
316	109	143	0
317	0	234	4
318	156	317	0
319	276	510	1
320	177	281	1
321	257	408	1
322	239	441	0
323	0	303	5
324	0	484	10
325	0	179	3
326	253	447	1
327	107	191	0
328	100	159	0
329	176	251	1
330	71	103	0
331	0	291	6
332	0	381	8
333	0	264	4
334	0	227	4
335	0	340	6
336	0	327	6
337	35	72	1
338	84	172	1
339	59	120	0
340	0	269	6
341	0	240	5
342	0	431	9
343	0	236	4
344	121	248	0
345	140	288	0
346	112	230	0
347	0	284	5
348	0	358	7
349	0	175	4
350	0	231	4
351	0	132	2
352	0	385	8
353	0	327	6
354	0	369	6
355	0	176	3
356	0	174	3
357	0	249	5
358	0	234	3
359	0	228	5
360	0	187	3
361	0	333	6
362	206	258	0
363	203	255	0
364	202	253	0
365	217	272	0
366	0	438	7
367	0	476	7
368	0	484	6
369	0	750	10
370	0	725	15
371	0	446	8
372	0	514	10
373	0	719	14
374	0	278	8
375	0	235	6
376	0	293	7
377	0	0	0
378	0	329	6
379	0	204	3
380	0	244	4
381	211	131	1
382	82	57	0
383	110	96	0
384	153	159	0
385	237	180	0
386	60	49	0
387	80	72	0
388	70	68	0
389	89	66	0
390	210	126	0
391	86	64	0
392	89	102	0
393	49	56	1
394	51	93	0
395	137	101	0
396	76	67	0
397	162	140	1
398	160	138	0
399	157	136	0
400	86	116	0
401	54	67	0
402	124	166	0
403	70	49	0
404	124	116	1
405	104	122	0
406	54	113	0
407	49	0	0
408	95	191	0
409	110	0	0
410	78	186	0
411	32	76	0
412	30	73	0
413	54	103	0
414	36	67	0
415	45	86	0
416	297	0	0
417	100	0	0
418	38	0	0
419	43	68	0
420	57	84	0
421	45	65	0
422	44	64	0
423	142	0	0
424	130	0	0
425	44	36	0
426	117	0	0
427	143	0	0
428	122	0	0
429	70	0	0
430	111	124	0
431	15	16	0
432	102	141	0
433	60	82	0
434	192	0	0
435	19	0	0
436	103	238	0
437	6	15	0
438	98	0	0
439	130	0	0
440	55	68	0
441	44	55	0
442	33	72	0
443	6	14	0
444	99	233	0
445	13	30	0
446	15	36	0
447	0	135	0
448	0	525	0
449	0	461	0
450	0	672	0
451	0	628	0
452	0	826	0
453	0	59	0
454	0	0	0
455	0	291	0
456	0	257	0
457	0	277	0
458	0	274	0
459	0	358	0
460	0	216	0
461	0	278	0
462	0	267	0
463	0	326	0
464	0	193	0
465	0	268	0
466	0	243	0
467	0	219	0
468	0	217	0
469	0	125	0
470	0	273	0
471	0	40	0
472	0	50	0
473	0	42	0
474	0	31	0
475	0	28	0
476	0	28	0
477	0	23	0
478	0	34	0
479	0	38	0
480	0	19	0
481	0	34	0
482	0	46	0
483	0	22	0
484	0	16	0
485	0	27	0
486	0	2	0
487	0	24	0
488	0	0	0
489	0	0	0
490	0	0	0
491	0	16	0
492	0	6	0
493	0	271	0
494	0	127	0
495	0	0	0
496	33	66	0
497	0	436	0
498	0	458	0
499	0	1	0
500	0	0	0
501	0	0	0
502	0	119	0
503	0	140	0
504	0	326	0
505	0	269	0
506	0	290	0
507	0	171	0
508	0	147	0
509	0	269	0
510	0	111	0
511	0	308	0
512	0	175	0
513	0	356	0
514	0	312	0
515	0	352	0
516	0	0	0
517	0	251	0
518	0	301	0
519	0	209	0
520	0	100	0
521	0	365	0
522	109	201	0
523	107	198	0
524	95	175	0
525	1	1	0
526	84	188	0
527	100	173	0
528	73	182	0
529	119	208	0
530	104	182	0
531	113	199	0
532	113	199	0
533	24	62	0
534	93	246	0
535	109	106	0
536	111	147	0
537	87	116	0
538	0	0	0
539	295	343	0
540	335	396	0
541	396	466	0
542	285	296	0
543	261	255	0
544	289	319	0
545	336	346	0
546	5	6	0
547	4	5	0
548	102	222	0
549	90	227	0
550	69	195	0
551	48	85	0
552	44	78	0
553	42	76	0
554	42	77	0
555	47	105	0
556	89	165	0
557	117	216	0
558	136	251	0
559	130	242	0
560	41	76	0
561	335	291	0
562	0	0	0
563	23	0	0
564	52	50	0
565	110	105	0
566	45	106	0
567	87	121	0
568	42	59	0
569	0	1	0
570	59	33	0
571	148	187	0
572	227	258	0
573	84	96	0
574	209	237	0
575	182	206	0
576	219	249	0
577	157	178	0
578	70	79	0
579	11	13	0
580	121	137	0
581	155	174	0
582	148	166	0
583	133	149	0
584	165	184	0
585	177	198	0
586	77	87	0
587	154	173	0
588	178	200	0
589	98	187	0
590	49	94	0
591	44	98	0
592	56	109	0
593	107	261	0
594	64	56	0
595	133	116	0
596	56	78	0
597	53	74	0
598	52	73	0
599	44	62	0
600	60	136	0
601	81	114	0
602	119	239	0
603	65	131	0
604	30	61	0
605	160	226	0
606	179	252	0
607	158	225	0
608	48	99	0
609	83	174	0
610	26	67	0
611	43	110	0
612	38	100	0
613	33	85	0
614	0	0	0
615	53	180	0
616	13	23	0
617	33	103	0
618	31	98	0
619	31	100	0
620	1	5	0
621	41	129	0
622	11	36	0
623	2	35	0
624	63	99	0
625	68	159	0
626	70	94	0
627	13	18	0
628	28	39	0
629	72	193	0
630	35	97	0
631	78	192	0
632	13	34	0
633	42	98	0
634	46	102	0
635	7	15	0
636	89	107	0
637	93	111	0
638	65	101	0
639	44	58	0
640	18	24	0
641	84	83	0
642	15	15	0
643	18	56	0
644	30	92	0
645	28	65	0
646	26	63	0
647	34	45	0
648	47	64	0
649	65	185	0
650	56	162	0
651	6	24	0
652	32	149	0
653	30	68	0
654	34	79	0
655	24	80	0
656	40	138	0
657	56	55	0
658	93	104	0
659	54	110	0
660	95	151	0
661	100	132	0
662	48	97	0
663	32	64	0
664	53	65	0
665	44	53	0
666	51	63	0
667	68	143	0
668	98	208	0
669	60	64	0
670	6	6	0
671	44	47	0
672	7	34	0
673	35	190	0
674	47	67	0
675	1	1	0
676	0	0	0
677	61	80	0
678	64	83	0
679	69	91	0
680	64	83	0
681	83	124	0
682	59	192	0
683	7	40	0
684	62	130	0
685	6	13	0
686	30	91	0
687	32	83	0
688	41	107	0
689	79	108	0
690	91	147	0
691	61	123	0
692	50	140	0
693	26	75	0
694	170	200	0
695	193	220	0
696	127	99	1
697	282	217	0
698	138	139	0
699	210	148	1
700	205	145	0
701	100	71	0
702	220	154	0
703	211	148	0
704	88	62	0
705	116	82	0
706	98	69	0
707	0	0	0
708	106	212	0
709	57	165	0
710	211	257	0
711	196	240	0
712	125	152	0
713	78	38	0
714	182	169	1
715	133	123	0
716	181	263	0
717	80	85	0
718	123	130	0
719	21	123	0
720	110	185	0
721	84	113	0
722	99	133	0
723	188	188	1
724	82	83	0
725	147	120	1
726	123	100	1
727	140	115	0
728	133	109	0
729	134	110	0
730	111	91	0
731	188	249	1
732	135	180	0
733	157	209	0
734	87	115	0
735	161	214	0
736	29	31	0
737	240	257	0
738	81	123	0
739	91	139	0
740	129	179	0
741	152	168	1
742	129	157	1
743	143	174	1
744	178	217	1
745	150	183	1
746	92	103	1
747	120	135	1
748	175	197	0
749	216	168	1
750	214	137	0
751	204	130	0
752	133	98	0
753	208	133	0
754	143	105	0
755	165	120	0
756	127	93	0
757	192	150	0
758	170	132	0
759	119	99	0
760	169	140	0
761	132	109	0
762	126	104	0
763	52	134	0
764	66	307	0
765	74	56	1
766	170	127	0
767	102	197	1
768	73	100	0
769	36	49	0
770	190	184	1
771	156	153	0
772	175	170	0
773	122	118	0
774	127	123	0
775	53	52	0
776	128	124	0
777	0	0	0
778	137	144	0
779	184	213	0
780	172	201	0
781	22	26	0
782	150	303	0
783	83	61	0
784	118	86	0
785	22	16	0
786	16	23	0
787	54	90	0
788	65	144	0
789	31	69	0
790	43	60	0
791	159	159	0
792	110	88	0
793	89	62	0
794	24	32	0
795	104	112	0
796	43	33	0
797	141	175	0
798	89	105	0
799	111	133	0
800	145	145	0
801	156	152	0
802	150	182	0
803	64	75	0
804	123	218	0
805	9	16	0
806	107	98	0
807	151	220	0
808	117	83	0
809	14	23	0
810	145	135	0
811	120	109	0
812	46	63	0
813	22	31	0
814	297	145	0
815	296	144	0
816	328	0	7
817	315	0	5
818	142	108	0
819	219	166	0
820	164	138	0
821	201	171	1
822	145	139	1
823	223	60	2
824	178	47	1
825	217	58	1
826	329	0	5
827	338	0	11
828	285	262	0
829	260	238	0
830	245	224	0
831	240	220	0
832	318	0	4
833	0	0	0
834	231	172	1
835	238	178	0
836	257	194	0
837	176	132	0
838	150	111	1
839	243	180	0
840	143	123	1
841	180	154	1
842	303	0	7
843	289	0	7
844	317	0	7
845	304	0	7
846	191	0	4
847	206	0	4
848	250	0	5
849	143	0	3
850	207	0	4
851	0	0	0
852	289	0	7
853	146	0	4
854	156	48	0
855	340	0	8
856	179	0	3
857	363	111	1
858	0	0	0
859	220	123	1
860	270	151	1
861	337	187	0
862	278	155	0
863	0	0	0
864	219	0	7
865	360	0	10
866	0	0	0
867	194	259	1
868	191	290	0
869	132	82	0
870	263	163	0
871	242	150	0
872	223	191	0
873	177	152	0
874	82	60	1
875	152	118	0
876	188	136	0
877	273	198	0
878	255	185	0
879	230	167	0
880	216	118	1
881	238	130	1
882	234	128	0
883	216	117	0
884	231	187	0
885	2	1	0
886	0	0	0
887	0	0	0
888	0	0	0
889	0	0	0
890	0	0	0
891	2	1	0
892	200	0	5
893	34	18	0
894	219	0	4
895	67	33	0
896	69	0	1
897	128	64	0
898	232	72	2
899	376	116	3
900	211	65	2
901	308	95	3
902	182	56	1
903	331	102	2
904	269	83	2
905	27	14	0
906	312	66	2
907	396	84	1
908	320	67	1
909	447	94	1
910	436	115	2
911	294	78	2
912	703	186	2
913	710	187	2
914	458	120	1
915	359	68	3
916	324	62	3
917	264	50	1
918	340	64	2
919	479	0	9
920	170	46	1
921	244	0	4
922	523	0	6
923	752	205	2
924	554	150	1
925	0	0	0
926	331	97	2
927	284	83	2
928	271	79	2
929	228	67	2
930	263	76	1
931	234	68	1
932	276	80	1
933	325	94	1
934	269	78	1
935	299	86	1
936	807	173	6
937	640	118	0
938	499	105	2
939	385	0	3
940	638	0	8
941	1179	0	17
942	623	0	19
943	1063	0	24
944	1215	0	17
945	993	0	15
946	477	0	12
947	1150	0	18
948	350	37	2
949	335	0	2
950	774	0	4
951	1654	0	17
952	505	0	4
953	536	0	7
954	491	0	8
955	118	0	3
956	553	0	9
957	834	0	13
958	329	0	9
959	401	0	3
960	1227	0	13
961	712	0	18
962	6	0	0
963	815	0	6
964	1913	0	18
965	686	0	6
966	766	0	9
967	486	0	5
968	541	0	3
969	612	0	11
970	722	0	9
971	765	0	12
972	1074	0	17
973	1716	0	42
974	1146	0	8
975	1962	0	19
976	1934	0	11
977	1892	0	21
978	238	0	3
979	1205	0	9
980	1965	0	31
981	1385	0	33
982	782	0	32
983	328	0	9
984	987	0	30
985	937	0	41
986	750	0	18
987	421	0	5
988	1558	0	34
989	438	0	18
990	1456	0	65
991	1029	0	34
992	351	0	8
993	625	0	22
994	788	0	20
995	338	0	7
996	1300	0	42
997	653	0	8
998	1179	0	10
999	1040	0	9
1000	1932	0	15
1001	1467	0	26
1002	590	0	12
1003	749	0	11
1004	1316	0	17
1005	724	0	17
1006	966	0	11
1007	424	0	3
1008	427	0	5
1009	314	0	8
1010	789	0	13
1011	543	0	6
1012	1162	0	22
1013	1741	0	20
1014	2009	0	18
1015	144	0	3
1016	1165	0	13
1017	997	0	7
1018	1114	0	6
1019	1061	0	18
1020	1202	0	14
1021	1345	0	18
1022	1314	0	32
1023	1251	0	26
1024	1309	0	23
1025	435	0	8
1026	973	0	16
1027	775	0	12
1028	159	0	0
1029	516	0	10
1030	1174	0	13
1031	877	0	24
1032	1258	0	28
1033	1508	0	24
1034	534	0	9
1035	1125	0	16
1036	342	0	8
1037	625	0	19
1038	284	0	2
1039	992	0	29
1040	1075	0	22
1041	1028	0	45
1042	484	0	8
1043	1046	0	12
1044	1189	0	22
1045	660	0	17
1046	1037	0	33
1047	0	0	0
1048	0	0	0
1049	1	1	0
1050	1	0	0
1051	0	0	0
1052	0	0	0
1053	0	0	0
1054	0	0	0
1055	9	8	0
1056	0	0	0
1057	0	0	0
1058	0	0	0
1059	0	0	0
1060	1	1	0
1061	0	0	0
1062	3	3	0
1063	1	0	0
1064	5	1	0
1065	0	0	0
1066	6	3	0
1067	0	0	0
1068	5	1	0
1069	8	3	0
1070	0	0	0
1071	0	0	0
1072	0	0	0
1073	0	0	0
1074	246	28	1
1075	233	32	1
1076	112	16	1
1077	50	7	1
1078	129	20	1
1079	144	19	0
1080	221	30	0
1081	160	20	0
1082	205	28	0
1083	327	0	7
1084	332	0	7
1085	185	139	1
1086	165	124	0
1087	166	124	0
1088	178	134	0
1089	108	81	0
1090	144	97	0
1091	195	130	0
1092	121	81	0
1093	186	155	0
1094	121	100	0
1095	143	121	0
1096	210	179	0
1097	384	136	1
1098	287	102	1
1099	617	218	2
1100	271	96	0
1101	468	166	1
1102	376	148	1
1103	393	155	0
1104	463	163	1
1105	265	93	0
1106	596	203	1
1107	408	139	1
1108	599	203	0
1109	406	137	0
1110	513	202	0
1111	267	105	0
1112	393	154	0
1113	254	100	0
1114	4	2	0
1115	0	0	0
1116	0	0	0
1117	220	190	1
1118	214	185	1
1119	245	212	1
1120	129	112	1
1121	211	183	0
1122	261	225	0
1123	256	221	0
1124	262	225	0
1125	453	73	2
1126	404	65	1
1127	379	60	1
1128	406	64	0
1129	424	67	1
1130	387	58	2
1131	409	61	2
1132	215	31	0
1133	415	61	1
1134	356	52	1
1135	240	0	5
1136	215	0	3
1137	334	0	12
1138	285	0	11
1139	265	0	9
1140	307	0	10
1141	330	0	8
1142	330	0	8
1143	327	0	7
1144	354	0	7
1145	0	0	0
1146	298	0	7
1147	272	128	3
1148	250	117	2
1149	235	110	1
1150	393	0	9
1151	318	0	6
1152	285	0	7
1153	375	0	8
1154	319	0	7
1155	363	0	8
1156	212	0	4
1157	255	119	2
1158	314	0	8
1159	239	0	6
1160	356	0	8
1161	374	0	8
1162	300	0	5
1163	386	0	12
1164	418	0	13
1165	200	0	6
1166	266	0	7
1167	307	0	6
1168	53	31	0
1169	218	248	0
1170	192	219	0
1171	345	188	0
1172	340	185	0
1173	491	0	2
1174	522	0	2
1175	383	0	14
1176	370	0	12
1177	247	219	0
1178	227	201	0
1179	235	209	0
1180	564	0	8
1181	604	0	7
1182	570	0	13
1183	502	0	10
1184	534	0	8
1185	614	0	20
1186	591	0	18
1187	512	0	15
1188	0	0	0
1189	0	0	0
1190	4	2	0
1191	0	0	0
1192	420	0	14
1193	574	0	18
1194	500	0	16
1195	440	0	13
1196	559	0	17
1197	646	0	21
1198	622	0	20
1199	652	0	21
1200	660	0	20
1201	570	0	15
1202	425	0	12
1203	497	0	13
1204	573	0	15
1205	223	0	5
1206	410	0	15
1207	475	0	17
1208	538	0	19
1209	400	0	13
1210	571	0	19
1211	0	0	0
1212	2	2	0
1213	0	0	0
1214	315	0	12
1215	228	0	8
1216	301	0	11
1217	375	0	5
1218	372	252	1
1219	580	0	20
1220	267	0	9
1221	437	0	14
1222	204	138	0
1223	601	0	17
1224	514	0	14
1225	594	0	15
1226	423	0	11
1227	194	161	1
1228	271	0	4
1229	260	0	2
1230	4	0	0
1231	242	221	0
1232	138	126	0
1233	373	265	1
1234	385	273	1
1235	192	136	0
1236	419	297	0
1237	379	269	0
1238	379	304	1
1239	358	287	0
1240	189	152	0
1241	313	251	0
1242	399	319	0
1243	0	0	0
1244	242	173	1
1245	330	235	1
1246	215	154	0
1247	204	146	0
1248	388	277	0
1249	123	126	0
1250	46	48	0
1251	153	146	0
1252	190	182	0
1253	192	183	0
1254	232	148	1
1255	300	191	1
1256	184	118	1
1257	157	100	0
1258	198	126	0
1259	198	157	0
1260	0	286	56
1261	0	391	76
1262	0	248	48
1263	0	149	28
1264	0	263	175
1265	0	245	135
1266	0	233	156
1267	0	182	106
1268	0	162	107
1269	0	263	145
1270	0	205	151
1271	0	225	149
1272	0	368	208
1273	0	205	120
1274	0	343	194
1275	0	153	112
1276	0	302	204
1277	0	213	140
1278	0	239	111
1279	0	89	41
1280	0	98	46
1281	0	155	71
1282	0	241	116
1283	0	266	128
1284	0	0	0
1285	0	0	0
1286	0	2	1
1287	0	0	0
1288	0	0	0
1289	0	227	40
1290	128	242	0
1291	35	66	0
1292	123	200	0
1293	48	80	0
1294	52	103	0
1295	54	108	0
1296	0	99	36
1297	0	299	63
1298	0	0	0
1299	212	283	0
1300	37	127	0
1301	109	374	0
1302	76	99	0
1303	79	101	0
1304	85	111	0
1305	39	72	0
1306	50	93	0
1307	81	148	0
1308	36	67	0
1309	0	0	0
1310	0	0	0
1311	0	310	55
1312	0	213	37
1313	0	206	119
1314	0	89	52
1315	0	131	76
1316	0	164	95
1317	0	132	76
1318	0	140	81
1319	0	0	0
1320	0	228	74
1321	0	198	64
1322	0	120	39
1323	0	92	29
1324	0	0	0
1325	0	0	0
1326	0	178	57
1327	0	182	58
1328	0	387	82
1329	0	194	40
1330	0	294	89
1331	0	174	86
1332	0	191	93
1333	0	161	79
1334	0	59	18
1335	98	299	0
1336	96	293	0
1337	0	183	31
1338	0	198	32
1339	0	305	69
1340	0	211	48
1341	0	204	46
1342	0	337	60
1343	0	123	21
1344	0	0	1
1345	49	92	0
1346	0	142	41
1347	0	37	10
1348	29	56	0
1349	60	118	0
1350	0	222	72
1351	0	226	73
1352	0	204	66
1353	0	116	37
1354	0	242	78
1355	0	169	54
1356	0	293	94
1357	0	0	0
1358	0	230	41
1359	0	212	97
1360	0	113	51
1361	0	0	0
1362	0	0	0
1363	0	0	0
1364	108	148	0
1365	107	148	0
1366	78	164	0
1367	78	166	0
1368	116	154	0
1369	0	425	63
1370	0	394	58
1371	0	132	19
1372	82	212	0
1373	0	154	45
1374	0	157	45
1375	0	131	37
1376	0	193	20
1377	0	271	46
1378	0	0	0
1379	0	0	0
1380	0	0	0
1381	0	0	0
1382	0	0	0
1383	92	204	0
1384	104	230	0
1385	176	341	0
1386	202	391	0
1387	182	399	0
1388	164	361	0
1389	142	309	0
1390	182	397	0
1391	110	204	0
1392	0	181	0
1393	0	143	0
1394	0	176	0
1395	0	154	0
1396	0	126	0
1397	0	227	0
1398	0	124	0
1399	0	299	0
1400	182	268	0
1401	64	94	0
1402	0	8	0
1403	0	98	18
1404	0	91	16
1405	0	137	24
1406	145	128	1
1407	220	196	0
1408	59	106	0
1409	130	232	0
1410	87	139	0
1411	87	71	0
1412	241	278	0
1413	106	122	0
1414	11	13	0
1415	111	110	0
1416	88	121	5
1417	111	155	2
1418	100	140	0
1419	155	206	0
1420	119	158	0
1421	233	224	0
1422	125	120	0
1423	127	147	0
1424	91	105	0
1425	220	221	1
1426	157	158	1
1427	239	241	0
1428	188	312	0
1429	103	170	0
1430	123	205	0
1431	152	251	0
1432	68	112	0
1433	167	275	0
1434	77	128	0
1435	160	264	0
1436	270	267	0
1437	132	141	1
1438	137	146	1
1439	154	165	0
1440	136	145	0
1441	193	208	0
1442	90	97	0
1443	57	74	1
1444	125	164	0
1445	113	148	0
1446	91	119	0
1447	117	137	1
1448	107	125	1
1449	126	147	0
1450	116	135	0
1451	4	6	0
1452	11	13	0
1453	0	0	0
1454	3	5	0
1455	13	18	0
1456	48	63	0
1457	0	0	0
1458	0	0	0
1459	1	1	0
1460	0	0	0
1461	0	0	0
1462	0	0	0
1463	9	12	0
1464	0	0	0
1465	0	0	0
1466	0	0	0
1467	95	132	0
1468	87	122	0
1469	194	353	0
1470	189	278	1
1471	131	0	0
1472	224	0	0
1473	170	0	0
1474	80	46	0
1475	115	65	0
1476	36	54	0
1477	53	0	0
1478	232	0	0
1479	189	0	0
1480	82	0	0
1481	78	66	0
1482	212	0	0
1483	147	0	0
1484	204	0	0
1485	243	0	0
1486	189	0	0
1487	187	0	0
1488	145	0	0
1489	205	0	0
1490	175	0	0
1491	168	0	0
1492	182	0	0
1493	51	0	0
1494	125	0	0
1495	96	0	0
1496	302	0	0
1497	52	0	0
1498	414	0	0
1499	87	0	0
1500	222	0	0
1501	165	0	0
1502	268	0	0
1503	240	0	0
1504	461	0	0
1505	241	0	0
1506	60	0	0
1507	153	0	0
1508	159	0	0
1509	306	0	0
1510	356	0	0
1511	111	0	0
1512	57	0	0
1513	137	0	0
1514	266	0	0
1515	122	0	0
1516	51	0	0
1517	91	0	0
1518	424	0	0
1519	208	0	0
1520	487	0	0
1521	31	0	0
1522	135	0	0
1523	69	0	0
1524	535	0	0
1525	110	0	0
1526	81	0	0
1527	105	0	0
1528	78	0	0
1529	235	0	0
1530	212	0	0
1531	392	0	0
1532	331	0	0
1533	278	0	0
1534	0	231	0
1535	139	137	0
1536	65	65	0
1537	53	72	0
1538	19	27	0
1539	122	166	0
1540	0	60	0
1541	193	191	0
1542	76	75	0
1543	131	193	0
1544	130	135	0
1545	97	173	0
1546	34	59	0
1547	115	205	0
1548	28	46	0
1549	45	75	0
1550	61	76	0
1551	35	44	0
1552	0	154	0
1553	0	237	0
1554	0	400	0
1555	0	381	0
1556	0	199	0
1557	0	202	0
1558	0	231	0
1559	0	293	0
1560	0	230	0
1561	0	260	0
1562	0	272	0
1563	0	350	0
1564	0	359	0
1565	0	459	0
1566	0	386	0
1567	0	128	0
1568	104	115	0
1569	93	116	0
1570	40	45	0
1571	252	428	0
1572	68	116	0
1573	13	23	0
1574	35	35	0
1575	198	221	0
1576	101	138	0
1577	77	110	0
1578	130	230	0
1579	40	80	0
1580	183	375	0
1581	0	215	0
1582	86	103	0
1583	264	316	0
1584	142	170	0
1585	0	60	0
1586	0	136	0
1587	59	74	0
1588	45	56	0
1589	51	48	0
1590	101	99	0
1591	190	189	1
1592	167	166	1
1593	86	86	0
1594	117	116	0
1595	127	127	0
1596	96	96	0
1597	155	154	0
1598	52	52	0
1599	180	179	0
1600	121	120	0
1601	103	103	0
1602	0	0	0
1603	0	0	0
1604	1	1	1
1605	0	0	0
1606	41	46	0
1607	44	50	0
1608	44	49	0
1609	39	43	0
1610	44	50	0
1611	123	156	0
1612	84	105	0
1613	182	202	0
1614	231	257	0
1615	87	97	0
1616	73	83	0
1617	172	192	0
1618	237	0	5
1619	317	0	9
1620	943	0	28
1621	249	0	11
1622	280	0	10
1623	342	0	14
1624	424	0	17
1625	418	0	22
1626	187	0	4
1627	507	0	14
1628	374	389	0
1629	828	0	26
1630	181	0	7
1631	518	0	11
1632	528	0	24
1633	641	0	22
1634	207	223	0
1635	186	0	3
1636	735	0	18
1637	404	0	9
1638	162	0	4
1639	710	0	25
1640	88	0	3
1641	728	0	21
1642	289	0	7
1643	87	0	2
1644	210	0	10
1645	667	0	12
1646	531	0	19
1647	460	0	14
1648	525	0	11
1649	191	0	10
1650	175	0	11
1651	472	0	20
1652	92	121	0
1653	235	248	0
1654	203	230	0
1655	320	323	1
1656	155	0	6
1657	136	0	0
1658	27	31	0
1659	210	0	5
1660	438	0	18
1661	158	0	0
1662	162	0	6
1663	137	0	1
1664	2	0	0
1665	1	0	0
1666	0	0	0
1667	0	0	0
1668	0	0	0
1669	0	0	0
1670	0	0	0
1671	1	0	0
1672	0	0	0
1673	0	0	0
1674	2	2	0
1675	3	4	0
1676	0	0	0
1677	0	0	0
1678	1	1	0
1679	0	0	0
1680	15	17	0
1681	2	3	0
1682	0	0	0
1683	77	64	0
1684	49	64	0
1685	154	172	1
1686	129	133	0
1687	151	198	0
1688	62	82	0
1689	223	249	0
1690	92	112	2
1691	180	270	1
1692	134	200	1
1693	197	297	0
1694	184	276	0
1695	169	190	1
1696	14	16	0
1697	45	50	0
1698	191	214	0
1699	109	122	0
1700	192	216	0
1701	157	178	1
1702	177	202	0
1703	118	135	0
1704	60	68	0
1705	51	61	0
1706	216	255	1
1707	22	26	0
1708	54	64	0
1709	166	197	0
1710	65	78	0
1711	185	220	0
1712	215	254	0
1713	167	198	0
1714	92	109	0
1715	140	165	0
1716	230	272	0
1717	10	12	0
1718	61	88	0
1719	0	123	0
1720	0	120	0
1721	0	72	0
1722	0	71	0
1723	0	47	0
1724	0	19	0
1725	0	80	1
1726	0	81	0
1727	0	116	0
1728	0	147	0
1729	0	116	0
1730	0	4	0
1731	0	131	0
1732	0	126	0
1733	0	65	0
1734	0	137	0
1735	0	60	0
1736	0	71	0
1737	70	286	0
1738	30	128	0
1739	0	227	0
1740	0	216	0
1741	0	274	0
1742	0	390	0
1743	0	317	0
1744	0	364	0
1745	123	259	0
1746	0	352	0
1747	0	379	0
1748	0	377	0
1749	0	270	0
1750	0	182	0
1751	0	136	0
1752	0	152	0
1753	0	158	0
1754	0	257	0
1755	0	297	0
1756	0	142	0
1757	0	256	0
1758	0	127	0
1759	0	206	0
1760	0	333	0
1761	0	368	0
1762	0	332	0
1763	0	171	0
1764	51	103	0
1765	0	380	0
1766	0	329	0
1767	0	617	0
1768	0	417	0
1769	0	613	0
1770	0	531	0
1771	0	405	0
1772	0	532	0
1773	0	327	0
1774	0	562	0
1775	0	240	0
1776	0	551	0
1777	0	307	0
1778	0	615	0
1779	0	404	0
1780	0	411	0
1781	0	105	0
1782	0	55	0
1783	0	396	0
1784	0	0	0
1785	0	536	0
1786	0	690	0
1787	0	693	0
1788	0	671	0
1789	0	871	0
1790	0	1	0
1791	0	0	0
1792	0	0	0
1793	0	365	0
1794	0	259	0
1795	0	309	0
1796	0	42	0
1797	0	208	0
1798	0	9	0
1799	0	20	0
1800	0	46	0
1801	0	253	0
1802	0	242	0
1803	0	292	0
1804	0	285	0
1805	0	290	0
1806	0	0	0
1807	0	399	0
1808	0	328	0
1809	0	238	0
1810	0	243	0
1811	46	132	0
1812	40	115	0
1813	0	218	0
1814	0	248	0
1815	0	237	0
1816	0	244	0
1817	0	234	0
1818	0	243	0
1819	0	222	0
1820	0	0	0
1821	0	166	0
1822	0	236	0
1823	0	155	0
1824	0	126	0
1825	0	392	0
1826	0	391	0
1827	114	207	0
1828	97	177	0
1829	47	86	0
1830	158	195	0
1831	72	89	0
1832	59	73	0
1833	139	177	0
1834	138	175	0
1835	97	133	0
1836	105	142	0
1837	138	188	0
1838	131	312	0
1839	72	171	0
1840	0	163	0
1841	0	230	0
1842	0	288	0
1843	0	235	0
1844	0	267	0
1845	0	419	0
1846	0	337	0
1847	0	401	0
1848	0	444	0
1849	0	410	0
1850	0	419	0
1851	0	188	0
1852	0	216	0
1853	0	237	0
1854	0	0	0
1855	0	0	0
1856	0	256	0
1857	0	296	0
1858	0	66	0
1859	0	6	1
1860	0	131	2
1861	0	14	0
1862	0	129	0
1863	0	36	1
1864	0	40	0
1865	0	99	2
1866	0	99	2
1867	0	103	2
1868	0	104	1
1869	0	125	1
1870	0	36	0
1871	0	16	0
1872	0	157	2
1873	0	155	2
1874	0	112	1
1875	0	115	1
1876	0	117	1
1877	0	154	2
1878	0	23	1
1879	0	137	1
1880	0	133	0
1881	0	78	3
1882	0	151	1
1883	0	18	0
1884	0	34	0
1885	0	104	1
1886	0	13	0
1887	0	21	0
1888	0	94	0
1889	0	23	0
1890	64	81	0
1891	50	190	0
1892	111	239	0
1893	38	137	0
1894	74	83	0
1895	174	129	0
1896	118	88	0
1897	126	94	0
1898	120	89	0
1899	33	34	0
1900	43	45	0
1901	80	137	0
1902	26	46	0
1903	40	95	0
1904	41	81	0
1905	31	64	0
1906	7	14	0
1907	74	117	0
1908	75	119	0
1909	42	68	0
1910	75	120	0
1911	94	166	2
1912	43	75	0
1913	63	163	0
1914	82	130	0
1915	89	142	0
1916	80	129	0
1917	84	134	0
1918	42	91	0
1919	17	38	0
1920	27	105	0
1921	67	147	0
1922	84	114	0
1923	88	118	0
1924	79	104	0
1925	131	175	0
1926	49	94	0
1927	81	181	0
1928	97	219	0
1929	51	114	0
1930	71	138	0
1931	57	110	0
1932	50	96	0
1933	103	202	0
1934	43	85	0
1935	114	222	0
1936	55	138	0
1937	107	173	0
1938	30	80	0
1939	81	134	0
1940	65	86	0
1941	39	43	0
1942	97	112	0
1943	23	41	0
1944	36	52	0
1945	57	140	0
1946	88	115	0
1947	69	91	0
1948	80	124	0
1949	61	144	0
1950	1	3	0
1951	28	59	1
1952	58	127	1
1953	35	31	0
1954	47	104	0
1955	211	272	0
1956	238	308	0
1957	188	260	2
1958	164	227	0
1959	94	159	1
1960	190	324	0
1961	204	253	2
1962	272	338	1
1963	89	153	0
1964	80	140	0
1965	65	114	0
1966	84	163	0
1967	104	195	0
1968	103	163	0
1969	26	43	0
1970	20	54	0
1971	15	41	0
1972	28	78	0
1973	40	88	0
1974	54	100	0
1975	46	54	0
1976	11	13	0
1977	51	87	0
1978	12	18	0
1979	19	37	0
1980	57	102	0
1981	171	0	0
1982	175	0	4
1983	108	0	2
1984	152	0	7
1985	191	0	7
1986	156	0	5
1987	107	0	4
1988	122	0	5
1989	115	0	5
1990	123	0	4
1991	141	0	5
1992	119	0	4
1993	152	0	2
1994	275	0	12
1995	66	0	3
1996	67	0	2
1997	34	44	5
1998	134	196	11
1999	89	132	6
2000	97	145	5
2001	237	0	7
2002	136	0	4
2003	129	0	3
2004	255	0	6
2005	92	0	2
2006	281	0	6
2007	89	0	2
2008	164	0	10
2009	108	0	6
2010	117	140	13
2011	240	207	14
2012	226	195	13
2013	228	197	13
2014	204	176	11
2015	225	194	12
2016	209	180	10
2017	213	184	11
2018	228	197	11
2019	219	189	11
2020	18	0	0
2021	133	169	9
2022	113	144	6
2023	190	0	6
2024	193	0	6
2025	84	0	1
2026	51	0	3
2027	54	0	3
2028	303	0	7
2029	102	0	3
2030	234	0	5
2031	146	0	3
2032	319	0	12
2033	114	0	3
2034	230	0	14
2035	139	0	6
2036	126	0	5
2037	277	0	5
2038	345	0	15
2039	115	194	0
2040	105	175	0
2041	98	164	0
2042	103	174	0
2043	96	162	0
2044	108	181	0
2045	100	347	0
2046	19	65	0
2047	12	43	0
2048	155	372	0
2049	20	50	0
2050	117	282	0
2051	62	104	0
2052	58	96	0
2053	55	92	0
2054	0	0	0
2055	132	488	0
2056	2	9	0
2057	43	105	0
2058	51	123	0
2059	21	53	0
2060	37	208	0
2061	76	224	0
2062	45	158	0
2063	36	123	0
2064	41	147	0
2065	10	35	0
2066	66	164	0
2067	34	37	0
2068	50	55	0
2069	76	83	0
2070	76	83	0
2071	153	257	0
2072	11	19	0
2073	81	137	0
2074	24	41	0
2075	39	69	0
2076	31	56	0
2077	55	125	0
2078	196	142	0
2079	77	56	0
2080	318	230	0
2081	102	68	13
2082	330	0	5
2083	36	0	0
2084	44	19	3
2085	40	0	1
2086	352	0	5
2087	94	54	10
2088	88	117	17
2089	98	116	16
2090	104	123	16
2091	106	126	16
2092	103	122	15
2093	109	130	16
2094	109	130	16
2095	104	124	15
2096	103	122	15
2097	44	48	4
2098	1	2	0
2099	164	171	17
2100	46	48	5
2101	145	149	15
2102	26	27	2
2103	72	83	22
2104	109	107	114
2105	48	48	30
2106	81	83	52
2107	97	0	0
2108	77	85	17
2109	66	109	13
2110	13	23	2
2111	34	57	5
2112	2	0	0
2113	72	122	21
2114	7	12	1
2115	163	103	17
2116	154	98	15
2117	40	26	4
2118	115	73	10
2119	39	24	3
2120	127	81	12
2121	94	129	13
2122	73	100	7
2123	17	25	0
2124	165	0	3
2125	49	0	0
2126	2	5	1
2127	53	74	11
2128	36	32	10
2129	238	0	4
2130	181	0	0
2131	79	0	0
2132	76	0	0
2133	107	0	1
2134	52	20	4
2135	74	29	4
2136	14	26	0
2137	25	52	0
2138	33	36	0
2139	43	112	0
2140	47	94	0
2141	26	62	0
2142	53	89	0
2143	89	144	0
2144	39	54	1
2145	78	136	0
2146	81	140	0
2147	65	113	0
2148	71	123	0
2149	63	119	0
2150	53	99	0
2151	60	131	0
2152	19	61	0
2153	58	117	0
2154	80	108	0
2155	150	142	0
2156	151	143	0
2157	18	17	0
2158	28	23	0
2159	138	113	0
2160	102	84	0
2161	20	16	0
2162	48	68	0
2163	89	130	0
2164	26	38	0
2165	1	1	0
2166	0	0	0
2167	107	78	0
2168	9	57	0
2169	236	167	0
2170	170	124	0
2171	138	64	0
2172	185	163	0
2173	137	62	0
2174	57	26	0
2175	85	39	0
2176	47	22	0
2177	43	19	0
2178	33	15	0
2179	42	46	0
2180	93	109	0
2181	83	46	0
2182	103	38	0
2183	79	120	0
2184	115	120	0
2185	93	78	0
2186	26	24	0
2187	101	93	0
2188	105	78	0
2189	28	21	0
2190	30	22	0
2191	47	100	0
2192	87	16	0
2193	124	183	0
2194	132	77	0
2195	82	100	0
2196	96	65	0
2197	34	52	0
2198	117	62	0
2199	134	147	0
2200	114	72	0
2201	99	49	0
2202	165	223	0
2203	117	158	0
2204	23	13	0
2205	140	241	0
2206	83	196	0
2207	140	334	0
2208	81	194	0
2209	118	264	0
2210	100	224	0
2211	0	381	8
2212	0	462	20
2213	0	362	5
2214	0	348	20
2215	0	269	6
2216	0	294	9
2217	0	373	23
2218	0	358	15
2219	0	339	10
2220	0	183	2
2221	0	205	2
2222	83	301	1
2223	94	342	1
2224	96	348	0
2225	70	258	0
2226	67	246	0
2227	79	289	0
2228	0	249	8
2229	0	244	8
2230	0	229	8
2231	0	243	8
2232	0	169	6
2233	0	117	3
2234	0	184	5
2235	0	228	7
2236	0	85	2
2237	0	158	4
2238	0	0	0
2239	0	237	6
2240	0	278	6
2241	0	254	5
2242	128	204	1
2243	146	233	0
2244	142	227	0
2245	0	119	4
2246	199	218	1
2247	110	120	0
2248	217	238	0
2249	217	238	0
2250	0	35	0
2251	0	0	0
2252	249	225	1
2253	128	115	1
2254	225	203	0
2255	211	190	0
2256	125	112	0
2257	197	177	0
2258	128	115	0
2259	95	86	0
2260	194	210	0
2261	147	158	0
2262	150	163	0
2263	106	177	1
2264	82	136	0
2265	0	284	10
2266	0	293	11
2267	0	255	8
2268	0	187	6
2269	0	313	5
2270	0	261	4
2271	0	467	10
2272	0	12	0
2273	0	228	4
2274	0	352	5
2275	0	368	5
2276	0	114	1
2277	196	216	0
2278	159	152	0
2279	164	157	0
2280	156	149	0
2281	40	38	0
2282	130	124	0
2283	170	273	1
2284	1	1	0
2285	97	164	1
2286	106	293	1
2287	134	371	1
2288	105	194	1
2289	200	370	0
2290	191	343	2
2291	152	273	0
2292	151	283	1
2293	208	388	1
2294	125	297	1
2295	245	583	0
2296	129	335	1
2297	131	342	1
2298	57	48	1
2299	113	94	1
2300	179	207	3
2301	105	158	0
2302	60	100	0
2303	88	144	0
2304	26	29	0
2305	54	87	0
2306	42	52	1
2307	40	50	0
2308	31	38	0
2309	26	32	0
2310	6	7	0
2311	8	11	0
2312	38	48	0
2313	10	33	0
2314	71	116	0
2315	16	27	0
2316	97	175	0
2317	108	144	0
2318	23	41	0
2319	39	40	0
2320	100	139	0
2321	1	12	0
2322	53	79	0
2323	43	64	0
2324	33	49	0
2325	106	159	0
2326	140	190	0
2327	84	122	0
2328	59	87	0
2329	1	2	0
2330	155	141	1
2331	17	15	0
2332	88	80	0
2333	78	59	1
2334	74	127	0
2335	87	89	1
2336	81	83	0
2337	82	84	0
2338	80	82	0
2339	76	78	0
2340	97	99	0
2341	76	77	0
2342	133	163	1
2343	48	91	0
2344	72	138	0
2345	77	147	0
2346	92	177	0
2347	17	24	1
2348	24	34	0
2349	26	37	0
2350	11	16	0
2351	14	20	0
2352	85	122	0
2353	2	3	0
2354	80	137	0
2355	105	172	0
2356	44	76	0
2357	5	10	0
2358	92	167	0
2359	27	39	0
2360	0	0	0
2361	118	146	1
2362	53	91	0
2363	39	68	0
2364	0	23	1
2365	0	303	6
2366	0	230	4
2367	0	44	0
2368	0	361	7
2369	0	198	4
2370	0	237	4
2371	0	172	4
2372	0	332	7
2373	0	175	3
2374	0	101	2
2375	0	164	2
2376	0	0	0
2377	286	0	9
2378	290	0	17
2379	95	0	0
2380	478	0	14
2381	237	0	8
2382	246	0	7
2383	184	0	4
2384	474	0	20
2385	207	0	5
2386	187	0	5
2387	214	0	3
2388	297	0	9
2389	391	0	12
2390	302	0	18
2391	526	0	10
2392	227	0	10
2393	116	0	4
2394	426	0	13
2395	138	0	3
2396	322	0	11
2397	91	0	5
2398	665	0	21
2399	161	0	7
2400	397	0	8
2401	463	0	12
2402	187	0	2
2403	285	0	5
2404	142	0	3
2405	208	0	2
2406	148	0	5
2407	390	0	11
2408	141	0	4
2409	7	0	0
2410	206	0	10
2411	422	0	25
2412	121	0	3
2413	391	0	14
2414	510	0	20
2415	306	0	11
2416	147	0	3
2417	247	0	5
2418	150	0	5
2419	402	0	9
2420	250	0	10
2421	166	0	7
2422	214	0	5
2423	103	0	4
2424	144	0	5
2425	119	0	2
2426	256	0	7
2427	166	0	5
2428	415	0	4
2429	118	0	7
2430	422	0	23
2431	207	0	2
2432	241	0	19
2433	436	0	12
2434	28	0	2
2435	499	0	24
2436	409	0	11
2437	194	0	11
2438	405	0	16
2439	267	0	6
2440	369	0	15
2441	13	0	1
2442	626	0	18
2443	370	0	10
2444	229	0	17
2445	36	0	4
2446	11	0	0
2447	163	0	3
2448	313	0	21
2449	247	0	13
2450	1	0	0
2451	128	0	12
2452	178	0	23
2453	326	0	25
2454	300	0	21
2455	328	0	24
2456	120	0	4
2457	182	0	2
2458	115	0	6
2459	0	0	0
2460	150	0	12
2461	24	0	0
2462	112	0	8
2463	247	0	14
2464	0	2	0
2465	0	0	0
2466	0	10	2
2467	0	0	0
2468	0	0	0
2469	0	0	0
2470	0	213	6
2471	0	259	7
2472	0	247	5
2473	0	0	0
2474	0	153	3
2475	0	2	0
2476	0	363	6
2477	0	269	3
2478	0	491	18
2479	0	512	18
2480	0	425	14
2481	0	388	9
2482	0	361	8
2483	0	529	18
2484	0	387	12
2485	0	326	9
2486	0	582	15
2487	0	548	13
2488	0	1	0
2489	0	523	16
2490	0	351	11
2491	0	409	12
2492	0	278	10
2493	0	173	7
2494	0	223	8
2495	0	57	2
2496	0	201	7
2497	0	12	0
2498	0	31	1
2499	0	44	2
2500	0	539	14
2501	0	377	10
2502	0	178	4
2503	0	522	13
2504	0	440	9
2505	0	540	11
2506	0	97	1
2507	0	350	6
2508	0	188	4
2509	0	235	7
2510	0	344	10
2511	0	357	9
2512	0	176	4
2513	3	145	3
2514	0	262	6
2515	0	258	5
2516	181	0	12
2517	109	0	8
2518	161	0	8
2519	178	0	7
2520	171	0	11
2521	228	0	14
2522	0	187	8
2523	167	0	7
2524	0	87	1
2525	275	0	21
2526	0	226	9
2527	0	165	6
2528	0	243	9
2529	0	212	8
2530	0	220	8
2531	0	204	7
2532	0	176	6
2533	0	12	0
2534	91	183	0
2535	83	166	0
2536	77	155	0
2537	78	158	0
2538	96	195	0
2539	8	17	0
2540	178	239	0
2541	157	144	0
2542	99	91	0
2543	98	89	0
2544	165	150	0
2545	59	54	0
2546	60	55	0
2547	67	129	0
2548	99	193	0
2549	117	130	0
2550	63	90	0
2551	73	104	0
2552	87	124	0
2553	189	255	0
2554	142	151	0
2555	133	141	0
2556	135	143	0
2557	74	79	0
2558	78	83	0
2559	187	219	0
2560	104	148	0
2561	60	85	0
2562	68	96	0
2563	101	142	0
2564	82	116	0
2565	57	101	0
2566	143	250	0
2567	63	112	0
2568	110	192	0
2569	77	132	0
2570	58	102	0
2571	72	78	0
2572	126	135	0
2573	125	210	0
2574	58	97	0
2575	55	94	0
2576	155	293	0
2577	56	105	0
2578	225	151	0
2579	125	83	0
2580	121	138	0
2581	180	215	0
2582	82	98	0
2583	224	219	0
2584	112	0	0
2585	289	0	0
2586	251	0	0
2587	279	0	0
2588	249	0	0
2589	255	0	0
2590	300	233	0
2591	187	146	0
2592	255	221	0
2593	242	209	0
2594	198	217	0
2595	83	91	0
2596	156	171	0
2597	34	38	0
2598	103	113	0
2599	144	133	0
2600	232	214	0
2601	263	243	0
2602	221	204	0
2603	66	61	0
2604	158	125	0
2605	259	209	0
2606	192	151	0
2607	190	149	0
2608	155	122	0
2609	207	163	0
2610	170	134	0
2611	171	135	0
2612	142	111	0
2613	133	105	0
2614	218	171	0
2615	0	0	0
2616	836	0	0
2617	248	0	0
2618	499	0	0
2619	227	0	0
2620	395	0	0
2621	588	0	0
2622	660	0	0
2623	985	0	0
2624	1358	0	0
2625	198	0	0
2626	196	0	0
2627	259	0	0
2628	233	0	0
2629	344	0	0
2630	277	0	0
2631	437	0	0
2632	198	0	0
2633	276	0	0
2634	274	0	0
2635	458	0	0
2636	1181	0	0
2637	739	0	0
2638	266	0	0
2639	714	0	0
2640	436	0	0
2641	897	0	0
2642	400	0	0
2643	338	0	0
2644	977	0	0
2645	8	7	0
2646	4	3	0
2647	0	0	0
2648	0	0	0
2649	117	95	0
2650	311	251	0
2651	403	326	0
2652	322	261	0
2653	477	386	0
2654	225	183	0
2655	318	197	0
2656	324	201	0
2657	373	232	0
2658	362	224	0
2659	187	178	0
2660	411	393	0
2661	459	439	0
2662	346	330	0
2663	189	179	0
2664	209	197	0
2665	152	144	0
2666	30	29	0
2667	200	190	0
2668	221	208	0
2669	220	207	0
2670	159	150	0
2671	105	117	0
2672	205	168	0
2673	272	224	0
2674	128	105	0
2675	214	176	0
2676	328	0	0
2677	380	0	0
2678	160	110	0
2679	259	215	0
2680	267	222	0
2681	145	121	0
2682	118	99	0
2683	147	122	0
2684	187	155	0
2685	0	0	0
2686	0	0	0
2687	143	117	16
2688	32	28	3
2689	42	36	4
2690	26	22	2
2691	131	192	24
2692	78	116	9
2693	13	19	1
2694	156	168	0
2695	40	91	0
2696	14	33	0
2697	75	55	2
2698	136	93	8
2699	45	59	0
2700	66	60	8
2701	63	57	7
2702	55	50	5
2703	83	75	8
2704	79	71	7
2705	38	35	3
2706	50	78	10
2707	60	95	11
2708	28	44	5
2709	47	80	5
2710	10	18	1
2711	34	68	5
2712	15	31	1
2713	37	40	7
2714	64	146	13
2715	2	8	0
2716	53	84	7
2717	42	45	5
2718	16	17	1
2719	11	41	2
2720	63	105	8
2721	27	51	3
2722	11	21	1
2723	30	21	4
2724	103	73	13
2725	82	56	10
2726	62	65	3
2727	54	78	4
2728	67	122	9
2729	19	30	7
2730	100	177	20
2731	167	187	14
2732	0	197	0
2733	0	191	0
2734	0	207	0
2735	0	218	0
2736	0	201	0
2737	0	182	0
2738	0	171	0
2739	0	241	0
2740	0	324	0
2741	0	206	0
2742	0	279	2
2743	0	388	3
2744	0	158	0
2745	0	389	2
2746	0	109	0
2747	0	210	0
2748	0	104	0
2749	0	80	0
2750	0	360	3
2751	0	369	0
2752	0	35	1
2753	0	135	0
2754	0	372	4
2755	0	43	0
2756	0	51	0
2757	0	47	0
2758	0	191	1
2759	0	369	0
2760	0	71	0
2761	0	324	3
2762	0	100	2
2763	0	111	0
2764	0	251	0
2765	0	62	0
2766	0	176	3
2767	0	228	8
2768	0	310	11
2769	0	47	2
2770	0	318	10
2771	0	69	2
2772	0	133	2
2773	0	171	2
2774	0	162	7
2775	0	196	3
2776	0	23	1
2777	0	139	1
2778	0	243	5
2779	0	147	3
2780	0	175	7
2781	0	164	5
2782	0	155	4
2783	0	175	3
2784	0	15	1
2785	0	138	6
2786	0	109	5
2787	0	190	4
2788	0	101	2
2789	0	52	3
2790	0	82	3
2791	0	155	6
2792	0	171	3
2793	0	156	2
2794	0	35	2
2795	0	76	2
2796	0	227	6
2797	0	1	3
2798	0	0	2
2799	0	201	4
2800	0	259	5
2801	0	228	4
2802	0	175	3
2803	0	89	1
2804	0	63	1
2805	0	43	0
2806	0	217	3
2807	0	312	3
2808	0	187	2
2809	0	216	4
2810	0	42	0
2811	0	210	2
2812	0	233	4
2813	0	68	0
2814	0	333	7
2815	0	193	3
2816	0	174	7
2817	0	55	1
2818	0	162	5
2819	0	109	2
2820	0	187	11
2821	0	203	12
2822	0	172	1
2823	0	172	1
2824	0	167	4
2825	0	148	3
2826	0	215	0
2827	0	386	0
2828	106	216	0
2829	162	229	0
2830	107	150	0
2831	0	249	0
2832	0	244	0
2833	0	334	0
2834	0	218	0
2835	0	244	0
2836	0	195	0
2837	0	61	0
2838	0	261	0
2839	0	253	0
2840	0	108	0
2841	81	162	0
2842	105	210	0
2843	90	179	0
2844	95	189	0
2845	90	182	0
2846	47	96	0
2847	0	0	0
2848	0	0	0
2849	0	269	0
2850	0	269	0
2851	0	224	0
2852	0	235	0
2853	0	291	0
2854	0	446	0
2855	0	320	0
2856	0	316	0
2857	0	477	0
2858	0	335	0
2859	0	319	0
2860	0	216	0
2861	0	215	0
2862	0	353	0
2863	0	440	0
2864	0	562	0
2865	0	382	0
2866	0	279	0
2867	0	421	0
2868	0	536	0
2869	0	575	0
2870	0	309	0
2871	0	394	0
2872	0	533	0
2873	0	729	0
2874	0	0	0
2875	0	0	0
2876	0	0	0
2877	0	0	0
2878	0	0	0
2879	0	0	0
2880	0	0	0
2881	0	0	0
2882	0	284	0
2883	0	117	0
2884	0	230	0
2885	0	204	0
2886	0	230	0
2887	0	277	0
2888	0	84	0
2889	0	357	0
2890	0	124	0
2891	0	279	0
2892	70	164	0
2893	16	38	0
2894	0	52	0
2895	0	249	0
2896	0	225	0
2897	0	0	0
2898	0	0	0
2899	0	280	0
2900	0	161	0
2901	0	314	0
2902	0	310	0
2903	0	329	0
2904	0	230	0
2905	0	164	0
2906	0	0	0
2907	0	176	0
2908	0	212	0
2909	0	235	0
2910	149	341	0
2911	157	361	0
2912	69	117	0
2913	0	330	0
2914	0	328	0
2915	0	521	0
2916	0	528	0
2917	0	332	0
2918	0	328	0
2919	0	306	0
2920	0	323	0
2921	0	330	0
2922	0	323	0
2923	0	350	0
2924	0	269	0
2925	23	73	0
2926	0	0	0
2927	87	164	0
2928	59	113	0
2929	150	192	0
2930	0	272	0
2931	0	108	0
2932	55	123	0
2933	108	92	0
2934	160	134	0
2935	0	7	0
2936	24	183	0
2937	54	57	0
2938	164	252	0
2939	60	241	0
2940	65	268	0
2941	36	114	0
2942	56	146	0
2943	73	191	0
2944	0	0	0
2945	0	0	0
2946	103	186	0
2947	101	184	0
2948	56	267	0
2949	93	231	0
2950	69	174	0
2951	28	34	0
2952	121	161	0
2953	121	214	0
2954	25	46	0
2955	18	54	0
2956	50	202	0
2957	79	150	0
2958	75	188	0
2959	49	104	0
2960	64	154	0
2961	0	296	0
2962	0	107	0
2963	77	149	0
2964	0	217	0
2965	70	232	0
2966	49	178	0
2967	86	179	0
2968	61	101	0
2969	169	285	0
2970	135	226	0
2971	57	83	0
2972	138	200	0
2973	152	221	0
2974	134	195	0
2975	157	228	0
2976	76	126	0
2977	140	233	0
2978	77	128	0
2979	142	236	0
2980	127	211	0
2981	91	202	0
2982	123	272	0
2983	91	203	0
2984	107	206	0
2985	133	255	0
2986	99	189	0
2987	82	158	0
2988	81	183	0
2989	79	178	0
2990	73	132	0
2991	79	143	0
2992	92	166	0
2993	46	79	0
2994	2	3	0
2995	37	65	0
2996	14	24	0
2997	104	146	0
2998	109	155	0
2999	127	186	0
3000	132	193	0
3001	124	182	0
3002	97	138	0
3003	49	69	0
3004	134	223	0
3005	145	241	0
3006	98	163	0
3007	190	228	0
3008	0	196	0
3009	129	153	0
3010	111	132	0
3011	105	362	0
3012	130	228	0
3013	104	182	0
3014	139	245	0
3015	153	269	0
3016	85	150	0
3017	153	270	0
3018	187	329	0
3019	118	208	0
3020	120	212	0
3021	105	185	0
3022	121	247	0
3023	172	228	0
3024	200	265	0
3025	198	158	0
3026	205	164	0
3027	213	247	0
3028	196	227	0
3029	211	243	0
3030	158	183	0
3031	80	93	0
3032	92	107	0
3033	125	146	0
3034	91	106	0
3035	89	200	0
3036	48	109	0
3037	66	150	0
3038	79	190	0
3039	95	229	0
3040	146	348	0
3041	152	363	0
3042	49	80	0
3043	53	87	0
3044	66	242	0
3045	64	239	0
3046	164	257	0
3047	136	214	0
3048	15	57	0
3049	487	316	0
3050	503	318	0
3051	233	182	0
3052	57	120	0
3053	287	215	0
3054	201	119	0
3055	266	219	0
3056	173	131	0
3057	69	80	0
3058	46	95	0
3059	0	0	0
3060	410	280	0
3061	292	218	0
3062	290	262	0
3063	498	554	0
3064	397	480	0
3065	293	264	0
3066	363	292	0
3067	292	268	0
3068	305	226	0
3069	306	210	0
3070	308	245	0
3071	340	282	0
3072	360	402	0
3073	339	426	0
3074	1	0	0
3075	0	0	0
3076	1	0	0
3077	0	0	0
3078	0	0	0
3079	0	0	0
3080	0	0	0
3081	0	0	0
3082	0	0	0
3083	0	0	0
3084	0	0	0
3085	0	0	0
3086	0	0	0
3087	183	261	0
3088	140	201	0
3089	132	189	0
3090	100	150	0
3091	180	270	0
3092	302	377	0
3093	199	300	0
3094	99	148	0
3095	126	230	0
3096	244	446	0
3097	158	197	0
3098	203	269	0
3099	163	217	0
3100	162	216	0
3101	176	233	0
3102	178	236	0
3103	98	181	0
3104	78	264	0
3105	0	277	0
3106	0	112	0
3107	0	108	0
3108	0	198	0
3109	0	242	0
3110	0	259	0
3111	0	240	0
3112	0	293	0
3113	0	68	0
3114	0	176	0
3115	0	195	0
3116	0	132	0
3117	0	224	0
3118	0	223	0
3119	0	201	0
3120	0	208	0
3121	0	279	0
3122	0	289	0
3123	0	352	0
3124	0	305	0
3125	0	288	0
3126	0	295	0
3127	0	345	0
3128	0	384	0
3129	0	188	0
3130	0	116	0
3131	0	163	0
3132	0	155	0
3133	0	50	0
3134	0	305	0
3135	0	200	0
3136	0	85	0
3137	0	157	0
3138	0	110	0
3139	0	55	0
3140	0	155	0
3141	0	66	0
3142	0	163	0
3143	0	110	0
3144	0	229	0
3145	0	319	0
3146	0	225	0
3147	0	277	0
3148	0	123	0
3149	0	314	0
3150	0	298	0
3151	0	211	0
3152	0	122	0
3153	0	103	0
3154	0	258	0
3155	0	127	0
3156	0	114	0
3157	0	237	0
3158	0	413	0
3159	0	134	0
3160	0	149	0
3161	0	338	0
3162	0	125	0
3163	0	255	0
3164	0	123	0
3165	0	286	0
3166	0	136	0
3167	136	133	0
3168	82	81	0
3169	109	146	0
3170	175	231	0
3171	68	75	0
3172	161	222	0
3173	110	193	0
3174	52	71	1
3175	55	75	0
3176	53	71	0
3177	55	75	0
3178	63	107	0
3179	45	77	0
3180	63	105	0
3181	72	98	0
3182	18	25	0
3183	56	98	1
3184	70	144	0
3185	22	46	0
3186	12	19	0
3187	66	100	0
3188	77	100	0
3189	51	92	0
3190	83	152	0
3191	46	73	0
3192	129	202	0
3193	28	45	0
3194	89	164	0
3195	132	210	0
3196	115	161	0
3197	37	52	0
3198	99	185	0
3199	26	49	0
3200	0	97	0
3201	0	51	0
3202	0	89	0
3203	0	91	0
3204	0	104	0
3205	244	228	1
3206	187	182	0
3207	163	153	0
3208	289	281	0
3209	281	276	1
3210	11	11	0
3211	14	13	0
3212	0	513	46
3213	0	491	43
3214	0	458	0
3215	0	694	0
3216	0	541	37
3217	0	525	34
3218	412	352	2
3219	199	169	1
3220	203	174	0
3221	233	203	1
3222	239	208	0
3223	217	189	0
3224	219	175	0
3225	156	125	0
3226	208	166	0
3227	291	310	0
3228	168	174	1
3229	244	253	1
3230	156	144	0
3231	374	346	0
3232	307	365	0
3233	145	195	1
3234	185	247	1
3235	185	248	1
3236	204	274	1
3237	220	197	1
3238	148	133	0
3239	223	199	0
3240	252	226	0
3241	231	207	0
3242	0	3	0
3243	0	827	12
3244	0	930	12
3245	0	455	14
3246	0	404	12
3247	0	610	4
3248	0	871	26
3249	0	386	15
3250	0	503	21
3251	0	241	3
3252	0	636	11
3253	0	460	15
3254	0	665	13
3255	0	592	13
3256	0	715	15
3257	0	411	9
3258	0	275	1
3259	0	739	16
3260	0	305	12
3261	0	138	10
3262	0	708	21
3263	0	292	12
3264	0	222	9
3265	0	401	9
3266	200	325	1
3267	379	0	0
3268	394	0	5
3269	0	289	22
3270	0	356	29
3271	0	367	23
3272	337	0	9
3273	404	0	0
3274	0	214	10
3275	0	385	27
3276	0	366	28
3277	0	197	11
3278	352	0	8
3279	131	0	1
3280	200	0	3
3281	0	532	14
3282	0	565	14
3283	0	538	24
3284	0	530	23
3285	0	530	16
3286	0	476	14
3287	0	431	24
3288	0	551	29
3289	0	599	12
3290	0	508	10
3291	387	391	0
3292	0	452	18
3293	315	282	1
3294	330	238	3
3295	0	513	13
3296	0	528	13
3297	0	625	7
3298	0	593	26
3299	0	588	16
3300	0	555	21
3301	0	776	11
3302	0	634	9
3303	0	318	14
3304	0	464	16
3305	0	475	17
3306	0	221	5
3307	0	339	17
3308	290	365	2
3309	0	680	23
3310	0	751	21
3311	0	400	15
3312	164	308	2
3313	144	270	1
3314	129	244	1
3315	148	263	1
3316	154	272	0
3317	134	239	0
3318	143	233	1
3319	132	216	0
3320	133	218	0
3321	764	0	15
3322	262	0	1
3323	603	0	8
3324	1150	0	12
3325	555	0	8
3326	1177	0	20
3327	330	0	9
3328	970	0	23
3329	529	0	11
3330	806	0	29
3331	708	0	11
3332	610	0	7
3333	349	0	7
3334	746	0	6
3335	477	0	16
3336	998	0	17
3337	421	0	3
3338	657	0	12
3339	542	0	8
3340	740	0	10
3341	708	0	6
3342	607	0	4
3343	232	0	5
3344	269	0	2
3345	549	0	6
3346	525	0	6
3347	447	0	6
3348	152	0	0
3349	268	0	0
3350	479	0	9
3351	474	0	5
3352	1085	0	25
3353	1020	628	2
3354	615	230	1
3355	511	3	24
3356	665	0	7
3357	520	0	10
3358	442	0	3
3359	513	0	11
3360	536	0	7
3361	515	0	3
3362	636	0	7
3363	510	0	6
3364	755	0	50
3365	681	0	5
3366	381	0	2
3367	699	0	6
3368	344	0	7
3369	482	0	2
3370	437	0	2
3371	454	0	4
3372	633	0	7
3373	258	0	4
3374	406	0	0
3375	734	0	9
3376	572	0	3
3377	714	0	6
3378	510	0	3
3379	1089	0	9
3380	761	0	6
3381	603	0	2
3382	510	0	2
3383	486	0	4
3384	1056	0	43
3385	908	0	26
3386	643	0	11
3387	434	0	13
3388	810	0	48
3389	671	0	33
3390	961	0	40
3391	531	0	32
3392	681	0	58
3393	759	0	65
3394	494	0	62
3395	395	0	110
3396	467	0	59
3397	431	0	85
3398	713	0	15
3399	759	0	14
3400	882	0	37
3401	334	0	18
3402	0	407	29
3403	380	0	317
3404	313	0	192
3405	0	461	39
3406	0	468	29
3407	0	257	30
3408	362	0	204
3409	497	0	239
3410	516	0	193
3411	975	0	118
3412	782	0	219
3413	0	272	24
3414	356	0	17
3415	441	0	35
3416	710	0	92
3417	576	0	142
3418	551	0	22
3419	897	0	56
3420	596	0	0
3421	810	0	7
3422	891	0	3
3423	1060	0	5
3424	932	0	3
3425	452	0	4
3426	390	0	2
3427	577	0	1
3428	618	0	3
3429	654	0	2
3430	357	0	1
3431	573	0	4
3432	550	0	3
3433	508	0	1
3434	471	0	2
3435	773	0	6
3436	408	0	0
3437	563	0	4
3438	526	0	3
3439	555	0	4
3440	486	0	3
3441	566	0	5
3442	624	0	2
3443	642	0	11
3444	410	0	6
3445	775	0	20
3446	619	0	82
3447	678	0	169
3448	646	0	178
3449	516	0	116
3450	422	0	103
3451	619	0	129
3452	893	0	178
3453	450	0	81
3454	406	0	102
3455	519	0	108
3456	539	0	117
3457	363	0	81
3458	1342	0	34
3459	969	0	21
3460	376	0	1
3461	486	0	3
3462	511	0	6
3463	495	0	8
3464	340	0	4
3465	269	0	0
3466	222	0	2
3467	748	0	3
3468	586	0	2
3469	688	0	8
3470	460	0	6
3471	403	0	4
3472	341	0	1
3473	571	0	5
3474	415	0	3
3475	365	0	1
3476	593	0	11
3477	388	0	4
3478	394	0	5
3479	377	0	8
3480	554	0	2
3481	175	0	6
3482	288	0	6
3483	576	0	30
3484	592	0	94
3485	449	0	108
3486	234	0	50
3487	554	0	11
3488	980	0	29
3489	373	0	3
3490	272	0	0
3491	90	0	1
3492	341	0	1
3493	484	0	5
3494	700	0	5
3495	406	0	6
3496	627	0	0
3497	997	0	45
3498	715	0	158
3499	848	0	155
3500	516	0	139
3501	853	0	168
3502	708	0	193
3503	869	0	210
3504	737	0	163
3505	845	0	254
3506	775	0	259
3507	151	0	10
3508	203	0	8
3509	356	0	8
3510	444	0	35
3511	284	0	22
3512	380	0	23
3513	483	0	5
3514	299	0	6
3515	342	0	7
3516	547	0	8
3517	258	0	2
3518	548	0	10
3519	461	0	7
3520	287	0	6
3521	302	0	1
3522	492	0	13
3523	626	0	20
3524	478	0	18
3525	488	0	16
3526	336	172	5
3527	323	253	1
3528	0	384	31
3529	0	408	23
3530	0	379	19
3531	0	355	26
3532	0	416	42
3533	424	262	2
3534	247	0	7
3535	159	0	3
3536	138	0	1
3537	311	0	6
3538	368	0	4
3539	233	0	2
3540	285	0	11
3541	446	0	5
3542	258	61	0
3543	311	71	2
3544	231	59	1
3545	189	52	1
3546	125	0	3
3547	366	0	8
3548	173	30	2
3549	132	30	0
3550	321	46	1
3551	157	20	1
3552	117	22	1
3553	92	11	0
3554	154	19	0
3555	511	248	2
3556	218	37	3
3557	308	44	2
3558	230	41	1
3559	180	57	2
3560	269	49	2
3561	527	0	122
3562	513	0	111
3563	649	0	144
3564	511	0	116
3565	439	0	93
3566	822	0	130
3567	355	0	99
3568	725	0	161
3569	168	62	1
3570	145	43	2
3571	90	27	0
3572	201	0	5
3573	100	0	3
3574	80	26	1
3575	140	40	1
3576	143	29	0
3577	294	76	0
3578	358	0	10
3579	267	0	12
3580	198	0	5
3581	225	141	1
3582	436	329	2
3583	236	147	4
3584	481	379	3
3585	280	199	1
3586	248	287	3
3587	256	206	1
3588	534	493	5
3589	0	441	17
3590	0	444	17
3591	0	709	42
3592	0	520	24
3593	0	297	15
3594	0	309	15
3595	0	645	49
3596	0	678	38
3597	0	568	36
3598	0	351	15
3599	433	350	2
3600	742	439	1
3601	374	0	10
3602	165	0	1
3603	313	0	11
3604	394	0	3
3605	77	0	0
3606	250	0	7
3607	232	0	9
3608	554	0	20
3609	304	0	12
3610	226	0	2
3611	262	0	9
3612	323	0	8
3613	360	236	2
3614	276	205	3
3615	348	158	1
3616	487	278	1
3617	500	204	1
3618	365	169	1
3619	457	216	1
3620	694	288	0
3621	514	343	1
3622	337	252	3
3623	507	423	0
3624	381	283	1
3625	337	311	2
3626	408	0	4
3627	420	0	15
3628	369	0	7
3629	461	339	1
3630	134	67	0
3631	243	178	1
3632	374	323	2
3633	704	599	2
3634	259	288	1
3635	497	453	1
3636	290	261	0
3637	364	290	2
3638	19	0	0
3639	104	19	1
3640	56	0	2
3641	96	39	0
3642	44	13	1
3643	206	0	4
3644	0	2	0
3645	0	0	0
3646	0	556	18
3647	0	637	21
3648	0	536	17
3649	0	454	18
3650	0	486	18
3651	0	466	17
3652	0	414	15
3653	0	550	19
3654	0	654	23
3655	0	710	22
3656	0	653	20
3657	0	553	17
3658	0	622	18
3659	0	714	19
3660	0	676	18
3661	0	494	13
3662	0	268	7
3663	0	166	4
3664	0	475	12
3665	0	94	4
3666	0	276	9
3667	0	258	9
3668	136	122	2
3669	121	108	1
3670	117	105	0
3671	170	152	1
3672	166	155	2
3673	145	141	1
3674	216	210	0
3675	123	120	0
3676	382	313	3
3677	174	162	1
3678	174	142	0
3679	173	141	1
3680	361	0	5
3681	586	0	8
3682	600	0	8
3683	413	0	5
3684	516	0	14
3685	331	0	9
3686	469	0	12
3687	449	0	11
3688	481	0	8
3689	416	0	6
3690	327	0	5
3691	453	0	7
3692	0	339	23
3693	0	271	18
3694	0	382	24
3695	0	314	20
3696	0	251	10
3697	0	297	11
3698	0	232	8
3699	0	368	13
3700	0	351	15
3701	0	342	14
3702	0	455	18
3703	0	392	15
3704	0	288	11
3705	0	282	10
3706	0	293	10
3707	0	428	15
3708	0	608	0
3709	0	557	47
3710	0	647	40
3711	0	948	53
3712	0	450	25
3713	0	446	25
3714	0	802	35
3715	0	368	9
3716	0	798	27
3717	0	489	0
3718	0	598	49
3719	0	817	50
3720	0	299	28
3721	0	622	64
3722	0	647	61
3723	0	815	48
3724	0	799	33
3725	0	587	24
3726	0	645	41
3727	0	783	25
3728	0	598	25
3729	0	645	45
3730	0	661	20
3731	531	0	16
3732	402	292	3
3733	494	371	3
3734	345	258	2
3735	476	453	4
3736	399	347	2
3737	0	505	27
3738	408	440	3
3739	331	382	2
3740	474	534	1
3741	398	432	4
3742	0	768	33
3743	0	693	32
3744	556	847	2
3745	349	364	0
3746	322	447	2
3747	285	443	2
3748	463	616	4
3749	494	759	1
3750	448	716	2
3751	386	359	1
3752	464	515	6
3753	329	436	2
3754	420	724	4
3755	315	330	1
3756	401	654	0
3757	161	91	1
3758	81	46	0
3759	116	88	1
3760	114	86	1
3761	102	57	0
3762	103	78	0
3763	255	447	0
3764	189	333	0
3765	187	212	1
3766	322	366	1
3767	261	346	1
3768	281	372	0
3769	324	311	0
3770	315	308	0
3771	365	300	0
3772	411	402	0
3773	275	225	0
3774	399	363	0
3775	101	242	0
3776	88	165	1
3777	22	42	0
3778	34	64	0
3779	187	243	0
3780	59	131	0
3781	49	110	0
3782	0	0	0
3783	65	105	0
3784	78	173	0
3785	62	129	0
3786	72	149	1
3787	29	61	0
3788	56	169	0
3789	71	79	0
3790	34	59	0
3791	19	34	0
3792	141	198	0
3793	11	29	0
3794	116	164	0
3795	3	8	0
3796	59	83	0
3797	1	3	0
3798	84	236	1
3799	35	102	0
3800	88	246	0
3801	161	188	2
3802	100	118	0
3803	9	17	0
3804	29	49	0
3805	57	102	0
3806	31	48	0
3807	106	171	1
3808	0	0	0
3809	80	215	0
3810	82	130	1
3811	2	4	0
3812	11	27	0
3813	34	146	0
3814	94	106	0
3815	65	73	0
3816	49	55	0
3817	131	148	0
3818	88	99	0
3819	67	76	0
3820	97	103	1
3821	64	68	0
3822	87	92	0
3823	76	82	0
3824	99	106	0
3825	42	44	0
3826	60	57	0
3827	154	146	0
3828	126	119	0
3829	75	71	0
3830	2	3	0
3831	0	0	0
3832	0	1	0
3833	0	0	0
3834	97	145	1
3835	144	215	0
3836	16	23	0
3837	7	10	0
3838	78	118	0
3839	144	216	0
3840	65	74	1
3841	83	95	1
3842	109	125	1
3843	57	65	1
3844	80	91	1
3845	91	104	1
3846	71	81	1
3847	82	95	1
3848	89	102	1
3849	52	59	1
3850	103	117	0
3851	87	100	0
3852	85	97	0
3853	99	114	0
3854	71	81	0
3855	1	2	0
3856	0	0	0
3857	6	11	0
3858	2	5	0
3859	0	0	0
3860	73	83	0
3861	0	0	0
3862	89	164	1
3863	96	178	0
3864	39	106	0
3865	23	40	1
3866	48	85	1
3867	59	151	0
3868	65	97	0
3869	24	53	0
3870	16	34	0
3871	16	35	0
3872	0	1	0
3873	1	3	0
3874	11	31	0
3875	0	219	0
3876	0	357	0
3877	0	124	0
3878	0	131	0
3879	0	149	0
3880	0	261	0
3881	0	161	0
3882	0	262	0
3883	0	303	0
3884	0	130	0
3885	0	115	0
3886	0	285	0
3887	0	181	0
3888	0	135	0
3889	0	108	0
3890	0	133	0
3891	0	118	0
3892	0	122	0
3893	0	275	0
3894	0	107	0
3895	0	144	0
3896	0	391	0
3897	0	149	0
3898	0	238	0
3899	0	209	0
3900	0	163	0
3901	0	311	0
3902	0	161	0
3903	0	149	0
3904	0	313	0
3905	0	259	0
3906	0	174	0
3907	0	162	0
3908	0	299	0
3909	0	239	0
3910	0	263	0
3911	0	123	0
3912	0	302	0
3913	0	247	0
3914	0	240	0
3915	0	89	0
3916	0	226	0
3917	0	79	0
3918	0	78	0
3919	0	252	0
3920	0	208	0
3921	0	171	0
3922	0	120	0
3923	0	112	0
3924	0	130	0
3925	0	178	0
3926	0	86	0
3927	0	237	0
3928	0	0	0
3929	0	333	0
3930	0	123	0
3931	0	281	0
3932	0	238	0
3933	0	0	0
3934	0	152	0
3935	0	173	0
3936	0	177	0
3937	0	118	0
3938	0	219	0
3939	0	284	0
3940	0	149	0
3941	0	461	0
3942	0	282	0
3943	0	188	6
3944	0	238	6
3945	0	384	10
3946	0	76	2
3947	0	328	7
3948	0	163	1
3949	0	352	9
3950	0	160	4
3951	0	343	5
3952	0	89	1
3953	0	147	4
3954	0	46	0
3955	0	298	6
3956	0	238	5
3957	0	318	6
3958	0	278	5
3959	0	386	7
3960	0	285	5
3961	0	163	2
3962	0	102	0
3963	0	149	3
3964	0	228	7
3965	0	320	10
3966	0	371	11
3967	0	278	9
3968	0	276	7
3969	0	311	0
3970	0	321	0
3971	0	250	0
3972	0	69	0
3973	0	37	3
3974	0	325	12
3975	0	222	9
3976	0	167	6
3977	0	243	8
3978	0	235	4
3979	0	81	3
3980	0	126	3
3981	0	46	2
3982	0	162	6
3983	0	180	10
3984	0	15	0
3985	0	102	6
3986	0	151	7
3987	0	228	10
3988	0	208	13
3989	0	8	0
3990	0	175	6
3991	0	58	2
3992	0	146	0
3993	0	151	7
3994	0	44	1
3995	0	424	0
3996	0	316	0
3997	0	306	5
3998	0	175	1
3999	0	400	2
4000	0	139	1
4001	0	303	2
4002	0	276	7
4003	0	364	10
4004	0	158	3
4005	295	228	0
4006	582	427	0
4007	856	451	0
4008	0	443	0
4009	0	3	0
4010	227	183	0
4011	402	469	0
4012	532	136	0
4013	317	318	0
4014	259	248	0
4015	187	225	0
4016	0	493	0
4017	0	374	0
4018	0	442	0
4019	0	407	0
4020	0	959	0
4021	0	615	0
4022	0	14	0
4023	0	23	0
4024	0	0	0
4025	178	166	0
4026	372	290	0
4027	409	378	0
4028	365	330	0
4029	508	375	0
4030	387	318	0
4031	434	413	0
4032	145	71	0
4033	0	591	0
4034	0	716	0
4035	0	428	0
4036	0	804	0
4037	0	402	0
4038	0	9	0
4039	0	94	0
4040	0	518	0
4041	0	460	0
4042	0	76	0
4043	42	45	0
4044	66	48	0
4045	388	325	0
4046	41	34	0
4047	0	7	0
4048	0	534	0
4049	168	181	0
4050	0	1	0
4051	5	2	0
4052	0	0	0
4053	0	0	0
4054	0	86	0
4055	61	105	0
4056	119	207	0
4057	76	198	0
4058	70	181	0
4059	0	241	0
4060	0	163	0
4061	0	257	0
4062	0	303	0
4063	0	336	0
4064	0	205	0
4065	0	10	0
4066	0	275	0
4067	0	283	0
4068	0	340	0
4069	0	324	0
4070	0	0	0
4071	0	1	0
4072	96	251	0
4073	84	219	0
4074	127	330	0
4075	64	170	0
4076	95	248	0
4077	0	0	0
4078	2	5	0
4079	95	214	0
4080	38	86	0
4081	0	359	0
4082	0	366	0
4083	0	357	0
4084	0	132	0
4085	0	1	0
4086	0	14	0
4087	0	387	0
4088	0	375	0
4089	0	309	0
4090	0	213	0
4091	114	273	0
4092	51	122	0
4093	88	209	0
4094	84	201	0
4095	35	85	0
4096	89	184	0
4097	128	267	0
4098	112	233	0
4099	104	217	0
4100	99	208	0
4101	90	189	0
4102	93	195	0
4103	95	199	0
4104	0	459	0
4105	0	567	0
4106	0	755	0
4107	99	145	0
4108	249	363	0
4109	244	356	0
4110	0	331	0
4111	0	136	0
4112	163	181	0
4113	215	240	0
4114	34	38	0
4115	241	362	0
4116	170	257	0
4117	328	494	0
4118	0	739	0
4119	0	427	0
4120	0	312	0
4121	0	0	0
4122	0	494	0
4123	0	408	0
4124	0	522	0
4125	32	58	0
4126	0	451	0
4127	0	148	0
4128	0	594	0
4129	0	680	0
4130	284	521	0
4131	0	0	0
4132	0	0	0
4133	0	342	0
4134	0	90	0
4135	0	297	0
4136	0	339	0
4137	0	288	0
4138	0	0	0
4139	264	284	0
4140	176	191	0
4141	137	148	0
4142	348	371	0
4143	347	370	0
4144	394	344	0
4145	382	335	0
4146	181	180	0
4147	230	230	0
4148	359	357	0
4149	0	0	0
4150	58	147	0
4151	49	122	0
4152	48	121	0
4153	0	306	0
4154	0	273	0
4155	0	245	0
4156	0	279	0
4157	0	244	0
4158	0	253	0
4159	0	278	0
4160	0	197	0
4161	0	33	0
4162	0	339	0
4163	1	1	0
4164	34	40	0
4165	0	41	0
4166	206	262	0
4167	245	310	0
4168	90	107	0
4169	0	592	0
4170	132	157	0
4171	0	331	0
4172	0	364	0
4173	0	357	0
4174	77	94	0
4175	8	9	0
4176	0	0	0
4177	0	304	0
4178	0	205	0
4179	0	203	0
4180	0	184	0
4181	20	60	0
4182	82	106	0
4183	104	135	0
4184	125	163	0
4185	132	172	0
4186	115	150	0
4187	42	55	0
4188	86	190	0
4189	80	176	0
4190	57	96	0
4191	104	178	0
4192	94	161	0
4193	58	100	0
4194	97	165	0
4195	64	110	0
4196	78	230	0
4197	47	139	0
4198	0	247	0
4199	78	182	0
4200	59	137	0
4201	78	183	0
4202	0	72	0
4203	2	7	0
4204	34	34	0
4205	315	0	6
4206	218	0	4
4207	277	0	4
4208	160	0	4
4209	278	0	7
4210	212	0	4
4211	738	0	0
4212	728	1	0
4213	660	0	9
4214	598	0	0
4215	537	0	0
4216	689	0	0
4217	695	1	0
4218	1	0	0
4219	343	0	5
4220	293	0	4
4221	478	0	11
4222	245	0	5
4223	320	0	5
4224	236	0	4
4225	285	0	5
4226	215	0	4
4227	285	0	4
4228	282	0	4
4229	261	0	5
4230	300	0	5
4231	280	0	5
4232	445	0	0
4233	52	0	0
4234	101	0	0
4235	352	0	0
4236	116	378	1
4237	101	261	1
4238	120	309	0
4239	128	341	0
4240	118	267	0
4241	114	256	0
4242	111	292	0
4243	124	346	2
4244	114	335	0
4245	129	254	0
4246	93	315	0
4247	106	332	1
4248	131	262	0
4249	107	262	0
4250	90	377	0
4251	112	474	0
4252	147	423	0
4253	171	496	0
4254	41	175	0
4255	385	856	0
4256	0	362	9
4257	239	616	2
4258	212	549	0
4259	89	359	0
4260	0	785	17
4261	0	331	7
4262	0	253	5
4263	0	688	13
4264	231	610	1
4265	154	410	0
4266	0	479	9
4267	0	289	5
4268	268	472	0
4269	0	469	9
4270	0	480	11
4271	136	351	0
4272	193	522	1
4273	165	447	1
4274	65	177	0
4275	0	116	2
4276	44	177	0
4277	21	0	1
4278	707	0	18
4279	504	0	0
4280	587	3	0
4281	496	0	12
4282	673	0	17
4283	494	0	20
4284	630	0	23
4285	329	0	7
4286	325	0	5
4287	294	0	0
4288	291	0	0
4289	261	0	0
4290	114	0	0
4291	119	0	0
4292	315	0	0
4293	151	0	0
4294	412	0	0
4295	474	0	0
4296	27	0	0
4297	136	422	2
4298	113	349	1
4299	138	230	2
4300	129	215	0
4301	109	141	0
4302	109	128	0
4303	121	144	0
4304	109	128	0
4305	96	153	0
4306	20	32	0
4307	83	71	0
4308	97	116	0
4309	11	13	0
4310	237	135	0
4311	95	89	0
4312	79	74	0
4313	29	8	0
4314	51	58	0
4315	102	156	0
4316	41	63	0
4317	70	135	0
4318	50	71	0
4319	78	111	0
4320	113	163	0
4321	184	263	0
4322	98	101	1
4323	124	137	0
4324	96	104	0
4325	141	154	0
4326	108	118	0
4327	44	60	0
4328	164	223	0
4329	146	143	0
4330	110	162	0
4331	175	237	0
4332	110	223	0
4333	44	63	0
4334	30	22	0
4335	93	130	0
4336	89	106	0
4337	137	164	0
4338	116	190	1
4339	116	189	0
4340	95	156	0
4341	75	125	1
4342	119	137	1
4343	126	146	1
4344	139	160	1
4345	115	133	1
4346	114	131	0
4347	46	53	0
4348	83	123	4
4349	213	156	16
4350	187	137	14
4351	283	207	20
4352	192	188	27
4353	47	46	5
4354	127	125	16
4355	189	199	15
4356	129	134	9
4357	101	107	7
4358	152	181	11
4359	188	224	12
4360	142	169	9
4361	92	96	0
4362	91	103	0
4363	83	109	0
4364	19	25	0
4365	95	99	0
4366	137	150	1
4367	112	155	0
4368	173	241	0
4369	159	218	0
4370	135	184	0
4371	55	191	0
4372	75	135	0
4373	110	198	0
4374	132	237	0
4375	55	100	0
4376	54	74	0
4377	123	167	0
4378	90	122	0
4379	60	83	0
4380	77	105	0
4381	72	116	0
4382	96	155	0
4383	57	97	0
4384	57	98	0
4385	123	235	0
4386	74	142	0
4387	107	186	0
4388	44	98	0
4389	105	235	0
4390	133	162	0
4391	65	132	0
4392	84	116	0
4393	47	83	0
4394	133	222	0
4395	76	94	0
4396	75	93	0
4397	115	192	0
4398	101	182	0
4399	107	204	0
4400	113	216	0
4401	127	235	0
4402	122	226	0
4403	68	101	0
4404	71	106	0
4405	84	159	0
4406	101	183	0
4407	44	72	0
4408	78	86	0
4409	118	128	0
4410	118	82	0
4411	156	240	0
4412	95	164	0
4413	82	140	0
4414	106	184	0
4415	36	63	0
4416	44	74	0
4417	73	110	0
4418	77	118	0
4419	102	164	0
4420	39	64	0
4421	63	86	0
4422	86	140	0
4423	175	249	0
4424	18	26	0
4425	122	171	0
4426	118	166	0
4427	76	106	0
4428	103	169	0
4429	76	124	0
4430	72	120	0
4431	107	177	0
4432	54	88	0
4433	107	128	0
4434	141	168	0
4435	44	53	0
4436	74	89	0
4437	109	219	0
4438	44	88	0
4439	82	135	0
4440	12	11	0
4441	0	0	0
4442	103	184	0
4443	0	298	2
4444	60	87	0
4445	123	173	0
4446	0	180	3
4447	0	157	0
4448	0	252	0
4449	0	247	0
4450	0	103	0
4451	0	179	5
4452	0	277	9
4453	0	97	2
4454	186	160	0
4455	169	145	0
4456	263	207	1
4457	209	250	0
4458	145	178	2
4459	126	154	2
4460	0	122	5
4461	43	54	0
4462	126	91	0
4463	207	148	0
4464	164	118	0
4465	233	188	0
4466	220	177	0
4467	143	123	1
4468	157	135	1
4469	213	184	0
4470	93	70	0
4471	0	230	3
4472	0	241	2
4473	0	191	4
4474	0	181	2
4475	0	0	0
4476	0	71	0
4477	0	310	0
4478	0	216	0
4479	81	96	0
4480	46	54	0
4481	0	310	9
4482	0	370	10
4483	0	428	11
4484	0	405	9
4485	0	464	10
4486	0	460	10
4487	0	237	6
4488	0	287	7
4489	0	311	7
4490	0	157	4
4491	0	132	2
4492	0	159	3
4493	0	142	3
4494	0	305	9
4495	0	264	7
4496	0	163	4
4497	0	187	8
4498	0	240	9
4499	0	235	8
4500	0	300	9
4501	0	343	9
4502	0	44	1
4503	0	279	9
4504	0	281	10
4505	0	61	1
4506	0	132	3
4507	0	363	6
4508	0	140	2
4509	0	188	4
4510	0	271	6
4511	0	286	5
4512	0	320	12
4513	0	244	8
4514	0	269	9
4515	0	245	4
4516	0	219	3
4517	0	189	2
4518	0	295	7
4519	0	203	4
4520	0	315	6
4521	0	242	10
4522	0	210	7
4523	0	218	8
4524	0	364	12
4525	0	266	8
4526	0	106	3
4527	0	245	7
4528	0	59	2
4529	0	261	6
4530	0	0	0
4531	0	0	0
4532	0	0	0
4533	3	2	0
4534	0	0	0
4535	0	0	0
4536	0	0	0
4537	0	0	0
4538	0	0	0
4539	0	0	0
4540	0	200	6
4541	0	215	6
4542	0	271	7
4543	0	146	3
4544	0	170	4
4545	0	183	2
4546	0	114	2
4547	0	194	1
4548	0	75	0
4549	27	16	0
4550	64	53	0
4551	102	113	0
4552	47	51	0
4553	207	235	0
4554	38	43	0
4555	77	68	0
4556	132	158	0
4557	75	99	0
4558	109	110	0
4559	31	53	0
4560	35	58	0
4561	53	58	0
4562	60	106	0
4563	27	25	0
4564	60	56	0
4565	78	71	0
4566	123	106	0
4567	180	154	0
4568	114	188	0
4569	132	85	0
4570	86	55	0
4571	37	23	0
4572	9	6	0
4573	124	79	0
4574	111	71	0
4575	7	4	0
4576	71	66	0
4577	22	20	0
4578	88	83	0
4579	90	83	0
4580	98	131	0
4581	75	108	0
4582	45	91	0
4583	120	166	0
4584	110	153	0
4585	111	155	0
4586	96	164	0
4587	239	413	0
4588	175	298	0
4589	203	346	0
4590	218	382	1
4591	228	399	0
4592	193	338	0
4593	167	293	0
4594	75	176	1
4595	57	134	1
4596	98	232	0
4597	91	218	0
4598	64	154	0
4599	61	144	0
4600	41	97	0
4601	59	113	0
4602	80	154	0
4603	117	228	0
4604	117	215	0
4605	0	567	11
4606	0	580	10
4607	0	638	14
4608	0	604	12
4609	0	268	5
4610	0	233	7
4611	0	562	17
4612	0	405	11
4613	0	388	13
4614	0	557	17
4615	0	457	12
4616	0	298	9
4617	0	432	13
4618	0	388	10
4619	0	420	10
4620	0	479	10
4621	0	486	11
4622	0	450	10
4623	0	230	4
4624	142	294	1
4625	0	0	0
4626	34	82	1
4627	61	148	1
4628	71	173	1
4629	44	107	0
4630	34	82	0
4631	49	120	0
4632	104	254	0
4633	63	155	0
4634	183	0	5
4635	136	149	0
4636	319	349	0
4637	209	270	1
4638	154	169	0
4639	0	436	10
4640	261	373	1
4641	165	234	0
4642	212	303	0
4643	320	457	0
4644	349	450	1
4645	194	252	1
4646	224	289	0
4647	179	306	1
4648	188	323	1
4649	369	482	0
4650	157	172	0
4651	236	284	0
4652	280	0	10
4653	610	0	35
4654	169	205	0
4655	294	0	17
4656	253	0	15
4657	225	0	12
4658	0	95	0
4659	0	300	3
4660	0	241	3
4661	0	365	4
4662	0	235	3
4663	0	337	3
4664	0	358	3
4665	0	231	2
4666	0	229	2
4667	0	289	2
4668	0	326	3
4669	0	233	2
4670	445	102	5
4671	447	54	0
4672	874	178	5
4673	401	19	1
4674	332	16	1
4675	376	58	3
4676	301	31	0
4677	357	51	2
4678	559	122	5
4679	489	190	4
4680	438	127	1
4681	402	148	5
4682	0	439	13
4683	573	185	11
4684	480	117	4
4685	0	638	21
4686	266	48	1
4687	260	15	1
4688	233	15	0
4689	0	683	30
4690	517	141	9
4691	753	212	4
4692	678	145	7
4693	560	188	5
4694	613	0	23
4695	78	0	4
4696	0	778	35
4697	0	653	25
4698	647	176	7
4699	496	128	6
4700	317	101	4
4701	425	86	3
4702	436	128	5
4703	0	457	21
4704	0	407	19
4705	0	260	12
4706	0	318	6
4707	0	236	5
4708	0	278	5
4709	0	266	4
4710	0	207	3
4711	0	304	5
4712	101	276	1
4713	84	229	0
4714	80	222	0
4715	61	169	0
4716	68	186	0
4717	80	220	0
4718	91	126	1
4719	100	139	1
4720	96	132	0
4721	69	96	0
4722	68	95	0
4723	84	117	0
4724	68	95	0
4725	272	378	0
4726	76	165	1
4727	94	203	0
4728	73	158	0
4729	90	194	0
4730	104	226	0
4731	87	188	0
4732	84	183	0
4733	120	278	1
4734	103	237	1
4735	89	205	0
4736	104	242	0
4737	81	189	0
4738	109	253	0
4739	99	229	0
4740	97	328	1
4741	50	167	1
4742	72	240	1
4743	80	269	1
4744	52	175	1
4745	96	324	1
4746	49	166	0
4747	70	238	0
4748	74	252	0
4749	65	222	0
4750	0	277	4
4751	0	261	4
4752	0	182	2
4753	95	244	0
4754	82	210	0
4755	74	190	0
4756	59	149	0
4757	111	286	0
4758	67	94	1
4759	86	107	0
4760	27	20	0
4761	130	136	13
4762	129	134	11
4763	23	24	1
4764	0	2	0
4765	51	56	0
4766	96	187	0
4767	60	131	0
4768	73	76	0
4769	101	109	0
4770	121	134	10
4771	177	109	14
4772	84	157	0
4773	7	13	0
4774	73	105	10
4775	30	52	0
4776	27	48	0
4777	126	225	0
4778	12	22	0
4779	65	95	0
4780	56	55	0
4781	80	73	0
4782	86	69	0
4783	90	81	1
4784	77	68	0
4785	51	80	0
4786	82	64	0
4787	75	102	0
4788	70	92	0
4789	51	85	0
4790	57	94	0
4791	40	49	0
4792	54	65	0
4793	66	85	0
4794	23	29	0
4795	46	59	0
4796	48	57	0
4797	33	39	0
4798	63	69	0
4799	111	119	0
4800	93	92	12
4801	14	14	0
4802	195	0	0
4803	205	0	0
4804	373	0	0
4805	344	0	0
4806	300	0	0
4807	274	0	4
4808	212	0	0
4809	183	0	0
4810	18	0	0
4811	216	0	0
4812	293	0	2
4813	330	0	0
4814	122	0	0
4815	185	0	0
4816	277	0	0
4817	266	0	0
4818	382	0	0
4819	427	0	0
4820	301	0	0
4821	260	0	0
4822	0	185	0
4823	0	258	0
4824	0	344	0
4825	0	606	0
4826	0	282	0
4827	0	0	0
4828	190	0	5
4829	254	0	5
4830	160	0	3
4831	220	0	0
4832	206	0	0
4833	133	0	0
4834	0	304	0
4835	0	308	0
4836	0	114	0
4837	0	196	0
4838	94	0	0
4839	0	156	0
4840	0	204	0
4841	14	0	0
4842	1	0	0
4843	230	140	0
4844	104	63	0
4845	0	163	0
4846	0	228	0
4847	0	190	0
4848	0	318	0
4849	273	109	0
4850	216	87	0
4851	287	115	0
4852	237	94	0
4853	270	107	0
4854	259	103	0
4855	190	0	0
4856	228	0	0
4857	184	0	0
4858	212	0	0
4859	221	0	0
4860	197	0	0
4861	223	0	0
4862	224	0	0
4863	0	0	0
4864	0	0	0
4865	195	128	0
4866	180	115	0
4867	262	167	0
4868	94	60	0
4869	84	54	0
4870	84	54	0
4871	220	141	0
4872	0	242	0
4873	0	94	0
4874	0	150	0
4875	0	224	0
4876	0	132	0
4877	2	0	0
4878	679	360	0
4879	637	322	0
4880	452	148	0
4881	345	136	0
4882	661	267	0
4883	396	206	0
4884	779	301	0
4885	570	233	0
4886	486	209	0
4887	384	150	0
4888	572	197	0
4889	775	450	0
4890	683	272	0
4891	727	364	0
4892	553	227	0
4893	392	185	0
4894	746	361	0
4895	694	372	0
4896	167	91	0
4897	0	267	0
4898	0	651	0
4899	0	793	0
4900	0	364	0
4901	382	183	0
4902	598	344	0
4903	0	0	0
4904	921	529	0
4905	753	391	0
4906	0	12	0
4907	0	0	0
4908	0	0	0
4909	11	9	0
4910	0	0	0
4911	167	125	0
4912	168	126	0
4913	233	174	0
4914	153	114	0
4915	126	94	0
4916	66	49	0
4917	10	5	0
4918	40	22	0
4919	61	31	0
4920	0	279	0
4921	0	213	0
4922	0	85	0
4923	109	111	0
4924	148	150	0
4925	251	0	0
4926	195	110	1
4927	130	74	1
4928	238	134	1
4929	220	124	0
4930	114	65	0
4931	146	82	0
4932	163	92	0
4933	222	125	0
4934	4	3	0
4935	0	0	0
4936	0	0	0
4937	0	0	0
4938	194	155	0
4939	181	129	0
4940	206	146	0
4941	151	107	0
4942	178	0	0
4943	143	0	0
4944	127	0	0
4945	168	0	0
4946	224	0	0
4947	220	174	0
4948	76	59	0
4949	343	177	0
4950	28	16	0
4951	180	105	0
4952	100	57	0
4953	174	101	0
4954	88	67	0
4955	57	33	0
4956	3	3	0
4957	0	0	0
4958	207	0	0
4959	0	194	0
4960	0	386	0
4961	0	159	0
4962	0	138	0
4963	193	0	0
4964	270	0	0
4965	124	0	0
4966	112	0	0
4967	67	158	0
4968	3	7	0
4969	18	25	0
4970	78	108	0
4971	15	55	0
4972	93	189	0
4973	2	20	0
4974	14	24	0
4975	55	199	0
4976	11	33	0
4977	38	116	0
4978	53	161	0
4979	6	29	0
4980	23	56	0
4981	11	26	0
4982	7	19	0
4983	3	7	0
4984	43	107	0
4985	28	145	0
4986	34	97	0
4987	20	45	0
4988	32	48	0
4989	7	34	0
4990	31	61	0
4991	41	81	0
4992	30	59	0
4993	41	82	0
4994	37	74	0
4995	49	98	0
4996	5	9	0
4997	14	29	0
4998	4	8	0
4999	15	31	0
5000	14	29	0
5001	16	33	0
5002	14	28	0
5003	4	8	0
5004	19	80	0
5005	2	12	0
5006	20	119	0
5007	4	28	0
5008	29	65	0
5009	12	40	0
5010	13	43	0
5011	106	145	0
5012	21	58	0
5013	13	42	0
5014	23	43	0
5015	22	43	0
5016	105	155	0
5017	9	13	0
5018	31	88	0
5019	3	9	0
5020	31	89	0
5021	16	48	0
5022	4	13	0
5023	8	36	0
5024	34	120	0
5025	51	120	0
5026	32	43	0
5027	0	0	0
5028	4	14	0
5029	58	122	0
5030	14	27	0
5031	0	164	7
5032	0	208	9
5033	0	175	8
5034	0	164	6
5035	0	182	7
5036	0	153	5
5037	0	155	2
5038	0	191	1
5039	0	282	7
5040	0	220	2
5041	0	80	1
5042	0	171	6
5043	0	229	6
5044	0	242	8
5045	0	234	3
5046	109	105	0
5047	0	217	3
5048	0	212	4
5049	0	111	1
5050	0	150	5
5051	0	159	4
5052	0	112	3
5053	0	145	4
5054	0	286	7
5055	0	216	5
5056	0	245	5
5057	122	194	12
5058	102	163	9
5059	196	360	16
5060	181	333	13
5061	158	230	17
5062	219	321	22
5063	193	299	19
5064	112	174	10
5065	226	220	14
5066	234	228	12
5067	220	349	16
5068	143	226	10
5069	96	225	10
5070	92	216	9
5071	74	175	7
5072	86	202	9
5073	51	120	5
5074	68	160	7
5075	88	206	9
5076	105	249	10
5077	113	267	10
5078	110	261	10
5079	85	202	8
5080	52	123	4
5081	56	132	5
5082	72	171	6
5083	126	209	6
5084	87	145	4
5085	86	144	4
5086	0	190	6
5087	0	113	4
5088	0	130	4
5089	0	168	6
5090	0	159	4
5091	0	119	3
5092	0	189	5
5093	0	148	4
5094	0	181	5
5095	0	188	4
5096	0	161	3
5097	0	213	5
5098	91	169	12
5099	104	192	12
5100	89	166	11
5101	95	176	11
5102	109	203	12
5103	89	165	10
5104	0	192	0
5105	0	263	4
5106	0	251	3
5107	34	73	4
5108	44	94	6
5109	76	164	8
5110	111	140	13
5111	121	153	14
5112	146	186	17
5113	162	206	18
5114	13	26	1
5115	62	89	5
5116	70	100	5
5117	48	69	3
5118	53	76	3
5119	0	177	0
5120	108	215	11
5121	101	201	10
5122	123	248	10
5123	81	162	6
5124	85	170	7
5125	96	192	8
5126	79	111	0
5127	73	105	0
5128	58	82	0
5129	47	67	0
5130	127	212	1
5131	126	210	0
5132	76	128	0
5133	72	121	0
5134	74	124	0
5135	101	170	0
5136	0	269	12
5137	1	2	0
5138	0	280	3
5139	0	148	5
5140	0	125	3
5141	0	152	4
5142	0	242	6
5143	0	232	4
5144	0	171	3
5145	0	131	2
5146	121	254	11
5147	131	274	10
5148	104	220	8
5149	118	248	9
5150	145	306	11
5151	77	162	5
5152	46	96	3
5153	69	142	10
5154	93	196	11
5155	57	118	6
5156	0	69	1
5157	0	209	5
5158	0	137	2
5159	138	109	0
5160	152	120	0
5161	270	213	0
5162	135	107	0
5163	142	112	0
5164	228	179	0
5165	346	273	0
5166	128	101	0
5167	137	108	0
5168	259	204	0
5169	146	115	0
5170	152	119	0
5171	134	105	0
5172	143	113	0
5173	168	144	0
5174	83	71	0
5175	89	75	0
5176	141	121	0
5177	175	111	14
5178	2	7	0
5179	145	193	0
5180	157	210	0
5181	90	88	0
5182	114	111	0
5183	107	104	0
5184	158	155	0
5185	166	217	0
5186	102	133	0
5187	56	74	0
5188	219	154	0
5189	118	83	0
5190	41	40	4
5191	103	100	8
5192	8	8	0
5193	37	49	0
5194	65	87	0
5195	246	241	0
5196	178	188	0
5197	32	44	0
5198	87	151	0
5199	133	145	0
5200	139	151	0
5201	116	127	0
5202	63	67	0
5203	89	135	0
5204	147	222	0
5205	22	34	0
5206	33	28	2
5207	45	66	0
5208	93	111	0
5209	256	295	0
5210	106	121	0
5211	173	181	6
5212	267	208	0
5213	255	198	0
5214	266	208	0
5215	263	205	0
5216	115	121	0
5217	142	149	0
5218	94	101	0
5219	100	108	0
5220	94	102	0
5221	117	141	0
5222	118	146	0
5223	144	172	0
5224	115	143	0
5225	116	143	0
5226	114	141	0
5227	92	102	0
5228	93	102	0
5229	84	93	0
5230	44	47	0
5231	117	141	0
5232	78	133	0
5233	78	134	0
5234	41	70	0
5235	42	76	0
5236	206	146	0
5237	186	132	0
5238	191	135	0
5239	157	110	0
5240	113	79	0
5241	278	124	11
5242	246	109	9
5243	198	146	11
5244	107	79	6
5245	56	41	2
5246	85	63	4
5247	37	37	0
5248	34	33	0
5249	87	86	0
5250	187	197	0
5251	68	100	7
5252	50	74	4
5253	135	113	0
5254	134	112	0
5255	84	180	0
5256	69	138	0
5257	59	120	0
5258	22	20	0
5259	0	0	0
5260	0	0	0
5261	118	172	0
5262	115	84	1
5263	148	108	1
5264	97	71	0
5265	129	94	0
5266	27	19	0
5267	22	12	0
5268	60	48	0
5269	47	58	0
5270	59	104	0
5271	35	63	0
5272	26	37	0
5273	69	83	1
5274	76	92	0
5275	75	90	0
5276	74	88	0
5277	4	5	0
5278	7	9	0
5279	78	105	1
5280	93	124	1
5281	112	150	1
5282	66	88	0
5283	72	96	0
5284	75	101	0
5285	27	37	0
5286	15	20	0
5287	138	144	0
5288	189	218	1
5289	99	114	0
5290	9	54	0
5291	21	46	0
5292	12	24	0
5293	18	39	0
5294	41	31	0
5295	13	28	0
5296	33	76	0
5297	130	190	0
5298	88	128	0
5299	174	224	0
5300	95	129	0
5301	39	100	0
5302	38	50	0
5303	72	104	0
5304	102	148	0
5305	0	173	0
5306	0	80	1
5307	0	275	3
5308	0	322	3
5309	0	64	1
5310	0	168	0
5311	0	145	0
5312	0	229	0
5313	0	190	0
5314	0	269	0
5315	0	197	0
5316	0	245	0
5317	0	187	1
5318	0	340	1
5319	0	73	0
5320	0	217	0
5321	0	56	0
5322	0	220	0
5323	0	58	0
5324	0	57	0
5325	0	142	0
5326	0	216	0
5327	0	170	1
5328	0	184	0
5329	0	167	0
5330	0	309	0
5331	0	180	0
5332	0	91	0
5333	0	197	2
5334	0	325	3
5335	0	132	0
5336	0	328	0
5337	0	2	0
5338	0	1	0
5339	0	0	0
5340	0	84	0
5341	0	149	0
5342	0	179	2
5343	0	358	0
5344	0	46	0
5345	0	0	0
5346	0	119	4
5347	0	141	3
5348	0	161	0
5349	0	262	0
5350	0	359	0
5351	0	205	0
5352	0	244	4
5353	0	183	3
5354	0	205	5
5355	0	206	4
5356	0	193	4
5357	0	192	2
5358	0	170	3
5359	0	224	2
5360	0	265	4
5361	0	202	2
5362	0	240	4
5363	0	229	2
5364	0	237	5
5365	0	341	2
5366	0	151	1
5367	0	165	0
5368	0	327	1
5369	0	84	0
5370	0	297	3
5371	0	313	3
5372	0	327	2
5373	0	259	2
5374	0	70	2
5375	0	169	2
5376	0	183	3
5377	0	112	1
5378	56	172	0
5379	0	243	4
5380	36	179	2
5381	63	315	1
5382	70	355	2
5383	128	199	1
5384	109	169	0
5385	87	135	1
5386	0	190	3
5387	0	273	3
5388	0	207	2
5389	77	194	0
5390	60	152	0
5391	105	265	0
5392	72	299	1
5393	103	432	1
5394	78	328	0
5395	145	276	1
5396	165	314	1
5397	138	264	0
5398	116	221	0
5399	112	229	1
5400	164	337	2
5401	109	225	0
5402	97	358	0
5403	60	218	1
5404	72	266	0
5405	103	375	1
5406	0	241	6
5407	0	225	5
5408	0	223	4
5409	0	130	4
5410	0	112	2
5411	0	261	5
5412	146	262	1
5413	67	487	1
5414	53	389	0
5415	57	418	0
5416	23	170	0
5417	0	0	0
5418	58	117	1
5419	125	255	1
5420	105	213	1
5421	119	217	1
5422	152	279	0
5423	79	145	0
5424	81	145	1
5425	62	112	1
5426	100	179	1
5427	102	245	1
5428	51	125	0
5429	102	248	0
5430	136	353	2
5431	125	326	2
5432	89	233	0
5433	105	274	1
5434	119	301	1
5435	94	242	0
5436	171	313	2
5437	70	127	1
5438	165	303	1
5439	0	146	1
5440	0	353	1
5441	0	303	1
5442	0	138	0
5443	461	553	1
5444	372	403	2
5445	330	360	0
5446	309	247	3
5447	407	472	0
5448	109	98	1
5449	43	47	0
5450	200	186	0
5451	51	42	1
5452	265	252	3
5453	334	256	1
5454	298	316	1
5455	456	381	1
5456	259	171	2
5457	157	100	0
5458	335	345	2
5459	311	280	1
5460	293	198	1
5461	476	428	2
5462	370	309	1
5463	181	146	0
5464	510	431	2
5465	456	559	2
5466	536	495	3
5467	399	384	0
5468	382	428	1
5469	6	9	0
5470	0	0	0
5471	0	0	0
5472	168	285	2
5473	189	320	2
5474	74	126	1
5475	173	294	2
5476	140	237	1
5477	117	200	0
5478	85	144	0
5479	140	238	0
5480	177	301	1
5481	93	159	0
5482	87	157	1
5483	103	185	0
5484	180	238	0
5485	187	248	0
5486	142	189	0
5487	175	235	1
5488	160	214	0
5489	123	165	0
5490	97	174	0
5491	97	260	1
5492	78	212	0
5493	59	159	0
5494	75	290	1
5495	80	313	1
5496	0	191	6
5497	195	332	2
5498	124	211	2
5499	207	352	1
5500	190	323	1
5501	56	91	0
5502	73	240	0
5503	69	233	0
5504	18	97	0
5505	54	215	0
5506	44	75	0
5507	66	101	0
5508	51	173	0
5509	53	183	0
5510	17	87	0
5511	54	160	0
5512	22	68	0
5513	46	141	0
5514	43	86	0
5515	50	119	0
5516	79	188	0
5517	21	25	0
5518	24	123	0
5519	62	78	0
5520	61	121	0
5521	63	126	0
5522	65	129	0
5523	61	122	0
5524	59	119	0
5525	63	126	0
5526	56	112	0
5527	56	112	0
5528	118	369	0
5529	49	153	0
5530	69	217	0
5531	44	81	0
5532	29	48	0
5533	93	195	0
5534	32	84	0
5535	49	133	0
5536	67	81	0
5537	55	133	0
5538	44	91	0
5539	86	213	0
5540	107	74	0
5541	52	35	0
5542	102	80	0
5543	108	85	0
5544	101	80	0
5545	139	122	0
5546	60	52	0
5547	137	122	0
5548	26	22	0
5549	97	45	0
5550	106	47	0
5551	87	37	0
5552	36	22	0
5553	68	40	0
5554	161	152	2
5555	36	34	0
5556	62	49	0
5557	114	59	0
5558	167	89	0
5559	122	88	0
5560	170	124	0
5561	161	116	0
5562	56	56	0
5563	94	95	0
5564	210	211	0
5565	121	86	0
5566	104	74	0
5567	123	88	0
5568	253	185	0
5569	68	49	0
5570	80	59	0
5571	70	51	0
5572	125	67	0
5573	28	15	0
5574	105	96	0
5575	106	99	0
5576	107	98	0
5577	116	94	1
5578	36	29	0
5579	92	60	0
5580	46	34	0
5581	28	21	0
5582	94	71	0
5583	158	75	0
5584	135	64	0
5585	171	190	0
5586	192	152	0
5587	184	145	0
5588	386	305	0
5589	51	40	0
5590	69	42	1
5591	70	42	0
5592	123	71	0
5593	120	70	0
5594	113	65	0
5595	203	281	0
5596	57	78	0
5597	16	23	0
5598	43	79	0
5599	107	252	0
5600	10	23	0
5601	45	93	0
5602	15	32	0
5603	136	190	0
5604	13	19	0
5605	100	222	0
5606	44	58	0
5607	82	138	0
5608	132	272	0
5609	18	39	0
5610	58	52	0
5611	112	106	0
5612	63	60	0
5613	75	101	0
5614	120	248	0
5615	34	72	0
5616	92	119	0
5617	21	27	0
5618	12	16	0
5619	68	82	0
5620	54	64	0
5621	52	63	0
5622	46	56	0
5623	68	139	0
5624	20	40	0
5625	5	11	0
5626	35	65	0
5627	70	132	0
5628	45	85	0
5629	20	37	0
5630	113	119	0
5631	117	152	0
5632	58	70	0
5633	61	90	0
5634	68	67	0
5635	38	43	0
5636	40	44	0
5637	70	189	0
5638	190	151	0
5639	42	65	0
5640	21	34	0
5641	12	19	0
5642	27	56	0
5643	102	105	0
5644	101	105	0
5645	101	105	0
5646	90	93	0
5647	112	117	0
5648	111	114	0
5649	80	82	0
5650	96	99	0
5651	83	86	0
5652	75	123	0
5653	110	180	0
5654	98	161	0
5655	16	27	0
5656	82	70	0
5657	67	58	0
5658	140	172	0
5659	94	116	0
5660	65	81	0
5661	31	38	0
5662	45	55	0
5663	119	150	0
5664	69	116	0
5665	0	30	1
5666	0	249	6
5667	0	177	5
5668	0	243	6
5669	0	253	6
5670	0	173	4
5671	0	162	3
5672	0	49	2
5673	0	414	8
5674	0	146	5
5675	0	310	9
5676	0	333	8
5677	0	198	4
5678	0	114	1
5679	0	107	1
5680	0	84	0
5681	0	20	0
5682	0	103	0
5683	64	44	1
5684	53	37	0
5685	116	79	0
5686	21	15	0
5687	113	78	0
5688	105	72	0
5689	167	115	0
5690	0	390	3
5691	0	67	2
5692	0	207	6
5693	0	425	10
5694	0	293	7
5695	0	39	0
5696	0	354	3
5697	0	224	2
5698	0	333	1
5699	0	148	4
5700	0	121	2
5701	0	373	2
5702	0	496	13
5703	0	442	10
5704	0	439	10
5705	0	118	2
5706	0	121	2
5707	0	207	5
5708	25	40	0
5709	26	42	0
5710	29	49	0
5711	20	35	0
5712	25	39	0
5713	27	37	0
5714	14	29	0
5715	0	0	0
5716	0	0	0
5717	0	221	9
5718	0	193	6
5719	0	251	5
5720	0	306	6
5721	0	13	0
5722	43	59	1
5723	91	127	1
5724	76	107	1
5725	82	115	1
5726	51	71	0
5727	53	74	0
5728	45	63	0
5729	94	130	0
5730	72	101	0
5731	69	97	0
5732	112	157	0
5733	78	109	0
5734	89	124	0
5735	86	121	0
5736	0	0	0
5737	85	175	1
5738	80	165	1
5739	119	244	0
5740	65	132	0
5741	76	155	0
5742	37	77	0
5743	55	113	0
5744	106	218	0
5745	49	102	0
5746	18	38	0
5747	4	9	0
5748	99	228	1
5749	125	289	1
5750	127	293	1
5751	131	304	1
5752	77	180	0
5753	109	326	0
5754	0	262	3
5755	0	351	4
5756	130	390	2
5757	84	250	0
5758	22	68	0
5759	0	432	16
5760	0	375	14
5761	0	417	16
5762	0	450	16
5763	0	430	15
5764	0	436	15
5765	0	148	5
5766	0	0	0
5767	0	123	4
5768	0	214	5
5769	0	265	6
5770	86	172	1
5771	98	195	1
5772	52	103	1
5773	90	179	1
5774	90	182	0
5775	51	102	0
5776	89	179	0
5777	91	182	0
5778	71	130	1
5779	64	119	1
5780	57	106	0
5781	74	136	0
5782	0	0	0
5783	129	322	0
5784	68	168	0
5785	81	203	0
5786	0	325	9
5787	0	315	7
5788	0	286	7
5789	161	198	2
5790	152	187	0
5791	130	158	3
5792	124	150	2
5793	70	104	1
5794	103	151	1
5795	84	100	1
5796	122	145	0
5797	53	63	0
5798	91	135	1
5799	0	0	0
5800	0	0	0
5801	0	0	0
5802	0	0	0
5803	60	138	1
5804	68	156	1
5805	86	196	1
5806	23	54	0
5807	51	148	0
5808	4	10	0
5809	61	136	1
5810	80	180	1
5811	42	94	1
5812	61	139	0
5813	120	270	1
5814	30	67	0
5815	49	111	0
5816	0	42	0
5817	0	218	5
5818	0	303	7
5819	0	167	3
5820	0	155	4
5821	0	211	4
5822	0	329	4
5823	67	188	1
5824	76	213	0
5825	67	186	0
5826	75	212	0
5827	0	230	7
5828	0	334	10
5829	0	362	11
5830	0	366	10
5831	0	166	4
5832	0	376	8
5833	0	365	7
5834	0	311	6
5835	0	256	7
5836	0	249	7
5837	0	228	6
5838	0	257	3
5839	0	233	3
5840	0	129	1
5841	346	255	3
5842	158	117	1
5843	150	94	1
5844	270	170	1
5845	306	213	1
5846	332	231	0
5847	315	235	3
5848	113	85	1
5849	109	81	1
5850	124	170	1
5851	171	235	1
5852	24	35	0
5853	0	213	6
5854	0	296	9
5855	0	227	6
5856	0	279	7
5857	107	67	0
5858	189	191	0
5859	19	19	0
5860	26	26	0
5861	89	124	0
5862	105	112	0
5863	17	18	0
5864	36	39	0
5865	56	96	0
5866	62	123	0
5867	20	40	0
5868	15	30	0
5869	86	0	1
5870	145	0	0
5871	10	0	1
5872	83	0	0
5873	19	25	0
5874	33	43	0
5875	210	0	4
5876	113	0	1
5877	54	0	1
5878	80	0	5
5879	155	206	0
5880	42	30	0
5881	58	42	0
5882	58	41	0
5883	115	0	0
5884	224	0	0
5885	66	0	0
5886	52	87	0
5887	8	13	0
5888	171	101	0
5889	185	110	0
5890	152	0	4
5891	128	0	4
5892	137	0	3
5893	173	0	4
5894	0	0	0
5895	0	0	0
5896	141	0	2
5897	47	0	0
5898	5	0	0
5899	116	0	1
5900	53	0	1
5901	90	120	0
5902	221	0	0
5903	44	0	0
5904	0	288	2
5905	0	285	2
5906	0	212	2
5907	0	259	2
5908	0	130	0
5909	0	415	2
5910	0	405	6
5911	0	382	6
5912	0	0	0
5913	0	454	6
5914	116	428	1
5915	122	448	0
5916	109	405	0
5917	111	413	0
5918	371	0	3
5919	292	0	3
5920	410	0	3
5921	372	0	2
5922	197	0	1
5923	0	478	9
5924	0	351	11
5925	0	384	9
5926	0	265	6
5927	0	588	18
5928	0	586	17
5929	0	365	11
5930	0	381	7
5931	0	510	12
5932	0	746	14
5933	0	701	12
5934	0	472	9
5935	0	745	13
5936	0	818	14
5937	0	339	5
5938	0	441	9
5939	0	515	11
5940	0	127	4
5941	0	450	103
5942	0	204	45
5943	0	56	1
5944	0	416	7
5945	0	409	6
5946	0	131	3
5947	0	146	44
5948	0	41	12
5949	0	598	11
5950	0	578	11
5951	0	182	4
5952	0	419	10
5953	0	661	14
5954	0	288	6
5955	0	0	0
5956	0	0	0
5957	0	0	0
5958	0	3	0
5959	0	0	0
5960	0	0	0
5961	0	0	0
5962	0	1	0
5963	0	0	0
5964	0	0	0
5965	0	0	0
5966	0	0	0
5967	0	473	7
5968	0	321	5
5969	0	150	3
5970	0	362	5
5971	0	387	5
5972	0	5	1
5973	0	371	10
5974	0	425	11
5975	0	197	5
5976	0	320	7
5977	0	394	9
5978	0	354	8
5979	0	379	9
5980	0	229	5
5981	0	0	0
5982	291	0	4
5983	360	0	4
5984	349	0	3
5985	396	0	4
5986	423	0	4
5987	385	0	4
5988	0	285	6
5989	0	398	9
5990	0	269	6
5991	0	299	6
5992	0	286	5
5993	0	0	0
5994	0	163	3
5995	0	377	5
5996	0	0	0
5997	214	0	1
5998	219	0	1
5999	0	451	8
6000	0	374	6
6001	0	152	3
6002	0	268	4
6003	0	450	7
6004	0	187	2
6005	65	286	0
6006	219	957	3
6007	137	428	0
6008	0	635	7
6009	0	779	9
6010	0	850	11
6011	150	486	0
6012	185	601	0
6013	98	317	0
6014	0	276	4
6015	0	197	3
6016	0	292	4
6017	0	249	4
6018	0	233	4
6019	0	252	3
6020	0	274	3
6021	0	205	2
6022	0	0	0
6023	0	273	2
6024	0	119	1
6025	447	0	3
6026	336	0	3
6027	170	0	1
6028	315	0	2
6029	413	0	2
6030	0	33	0
6031	0	230	3
6032	0	352	3
6033	0	387	3
6034	0	629	23
6035	0	434	16
6036	0	200	7
6037	0	632	27
6038	0	486	21
6039	0	207	8
6040	0	749	15
6041	0	862	16
6042	0	686	17
6043	0	659	16
6044	0	162	6
6045	0	328	10
6046	0	442	13
6047	0	195	6
6048	0	316	8
6049	0	362	9
6050	0	349	7
6051	0	0	0
6052	0	254	5
6053	0	424	12
6054	0	376	10
6055	0	373	9
6056	0	714	16
6057	0	781	16
6058	3	0	0
6059	0	0	0
6060	0	0	0
6061	0	0	0
6062	0	0	0
6063	0	0	0
6064	0	0	0
6065	0	0	0
6066	0	541	10
6067	0	239	4
6068	0	408	7
6069	0	202	4
6070	0	404	7
6071	0	277	4
6072	0	167	2
6073	0	6	0
6074	59	175	1
6075	54	160	1
6076	43	128	0
6077	0	0	0
6078	0	697	15
6079	0	827	19
6080	0	879	12
6081	0	432	8
6082	0	955	17
6083	0	552	6
6084	0	597	11
6085	0	846	17
6086	0	718	10
6087	0	846	7
6088	0	645	4
6089	0	922	9
6090	0	801	12
6091	0	670	8
6092	0	696	11
6093	0	329	2
6094	0	756	16
6095	0	595	9
6096	0	534	4
6097	0	663	8
6098	0	563	12
6099	0	754	23
6100	0	598	11
6101	0	815	14
6102	0	318	4
6103	0	206	4
6104	0	281	3
6105	0	291	3
6106	0	266	5
6107	0	452	7
6108	0	275	4
6109	0	143	2
6110	0	197	4
6111	0	230	2
6112	77	155	1
6113	68	140	0
6114	113	230	0
6115	33	286	0
6116	76	217	1
6117	78	224	1
6118	53	152	1
6119	84	240	1
6120	60	172	1
6121	91	259	1
6122	67	190	0
6123	62	178	0
6124	50	146	0
6125	43	126	0
6126	76	220	0
6127	48	139	0
6128	66	190	0
6129	66	191	0
6130	72	291	1
6131	99	405	2
6132	81	484	1
6133	67	405	0
6134	93	379	1
6135	58	236	0
6136	109	433	1
6137	45	182	0
6138	104	332	1
6139	105	337	1
6140	51	163	0
6141	85	267	0
6142	97	302	0
6143	73	232	0
6144	0	390	4
6145	0	364	2
6146	0	422	3
6147	0	285	2
6148	0	308	1
6149	0	427	2
6150	0	335	6
6151	0	427	8
6152	0	393	6
6153	0	351	6
6154	0	399	4
6155	0	303	4
6156	0	317	3
6157	0	388	3
6158	43	160	1
6159	75	235	1
6160	46	171	0
6161	115	366	0
6162	81	300	0
6163	0	462	5
6164	0	381	4
6165	0	405	4
6166	111	414	0
6167	129	408	0
6168	79	208	1
6169	87	230	1
6170	88	235	0
6171	98	261	0
6172	87	230	0
6173	112	298	0
6174	109	384	1
6175	93	330	0
6176	46	161	0
6177	59	210	0
6178	101	361	0
6179	59	211	0
6180	6	31	0
6181	0	0	0
6182	26	157	0
6183	74	178	1
6184	84	203	0
6185	214	705	1
6186	333	833	0
6187	0	514	4
6188	254	847	2
6189	176	591	0
6190	190	629	0
6191	378	779	1
6192	206	456	3
6193	287	628	1
6194	136	348	1
6195	0	579	15
6196	0	705	10
6197	0	349	7
6198	0	510	8
6199	0	587	11
6200	188	481	0
6201	234	406	0
6202	149	304	0
6203	243	740	2
6204	347	813	3
6205	316	817	2
6206	151	344	1
6207	283	678	2
6208	249	568	0
6209	252	690	2
6210	290	658	0
6211	233	731	2
6212	140	465	0
6213	173	552	2
6214	75	374	0
6215	80	401	0
6216	85	427	0
6217	33	166	0
6218	1	3	0
6219	91	459	1
6220	89	447	1
6221	85	431	1
6222	89	340	1
6223	89	340	1
6224	85	328	0
6225	86	438	1
6226	79	402	0
6227	66	337	0
6228	46	179	0
6229	0	4	0
6230	0	0	0
6231	0	320	5
6232	0	283	4
6233	0	334	5
6234	0	284	4
6235	0	260	4
6236	0	308	3
6237	0	147	1
6238	0	272	3
6239	0	237	3
6240	0	278	3
6241	0	234	2
6242	0	312	3
6243	0	368	4
6244	0	329	3
6245	0	316	2
6246	0	419	2
6247	0	329	3
6248	0	300	3
6249	0	194	1
6250	0	343	2
6251	0	260	2
6252	107	273	1
6253	266	685	1
6254	223	574	0
6255	219	539	1
6256	263	648	0
6257	293	720	3
6258	139	341	1
6259	130	321	0
6260	233	581	2
6261	200	499	0
6262	220	684	0
6263	219	686	0
6264	180	581	1
6265	239	775	0
6266	218	686	2
6267	207	653	1
6268	56	209	0
6269	100	376	0
6270	0	0	0
6271	291	725	1
6272	225	544	0
6273	273	749	0
6274	288	647	2
6275	422	932	0
6276	81	158	0
6277	0	91	0
6278	364	889	1
6279	295	740	0
6280	0	186	3
6281	0	415	4
6282	0	134	3
6283	0	145	1
6284	0	3	0
6285	0	788	12
6286	0	1082	10
6287	44	92	0
6288	0	1296	21
6289	0	100	1
6290	0	240	1
6291	0	902	15
6292	326	672	2
6293	207	582	2
6294	0	1183	14
6295	182	490	0
6296	0	915	17
6297	0	1189	19
6298	71	265	1
6299	94	350	0
6300	70	263	0
6301	333	745	1
6302	153	344	1
6303	208	467	0
6304	156	396	1
6305	207	527	0
6306	169	432	0
6307	196	469	0
6308	209	500	0
6309	116	279	0
6310	207	517	2
6311	237	593	1
6312	71	178	0
6313	7	18	0
6314	117	427	0
6315	123	451	0
6316	152	420	2
6317	147	540	0
6318	142	494	1
6319	133	371	1
6320	101	280	1
6321	86	302	1
6322	109	384	0
6323	6	10	0
6324	53	267	0
6325	118	327	1
6326	119	330	1
6327	148	411	1
6328	134	375	0
6329	45	127	0
6330	0	950	10
6331	0	539	6
6332	0	386	3
6333	0	415	4
6334	0	822	9
6335	0	756	7
6336	0	406	4
6337	0	844	8
6338	0	402	3
6339	0	809	7
6340	0	427	5
6341	0	380	4
6342	0	293	3
6343	0	307	3
6344	0	286	2
6345	0	244	5
6346	0	363	7
6347	0	118	2
6348	0	278	5
6349	0	256	4
6350	122	394	1
6351	117	344	0
6352	85	250	0
6353	95	280	0
6354	119	353	0
6355	82	269	0
6356	0	664	9
6357	0	689	6
6358	0	391	5
6359	0	523	4
6360	0	638	13
6361	0	670	9
6362	0	366	4
6363	0	22	0
6364	1	3	0
6365	2	4	0
6366	68	220	1
6367	86	306	1
6368	60	211	1
6369	103	365	1
6370	110	395	1
6371	54	195	0
6372	106	379	1
6373	121	392	0
6374	88	289	0
6375	99	322	0
6376	83	271	0
6377	119	334	1
6378	93	263	0
6379	113	319	0
6380	44	124	0
6381	0	619	13
6382	0	720	10
6383	0	211	6
6384	0	273	4
6385	0	477	23
6386	0	479	12
6387	0	387	5
6388	0	115	5
6389	0	806	24
6390	0	326	5
6391	0	272	13
6392	0	964	20
6393	0	656	8
6394	0	538	15
6395	0	303	13
6396	0	281	19
6397	0	995	22
6398	0	469	22
6399	0	690	16
6400	0	884	16
6401	0	647	21
6402	0	588	13
6403	0	589	9
6404	0	395	9
6405	0	305	11
6406	0	182	8
6407	0	15	0
6408	0	195	7
6409	0	206	5
6410	0	945	18
6411	0	922	17
6412	0	887	14
6413	0	692	8
6414	0	203	1
6415	0	843	12
6416	0	1278	20
6417	0	508	9
6418	0	762	19
6419	0	42	0
6420	0	0	0
6421	0	0	0
6422	0	0	0
6423	5	19	0
6424	0	13	0
6425	0	0	0
6426	0	0	0
6427	0	26	0
6428	0	0	0
6429	0	0	0
6430	0	291	9
6431	0	300	5
6432	0	328	5
6433	0	390	5
6434	0	398	6
6435	0	428	5
6436	93	334	0
6437	0	248	7
6438	99	357	0
6439	109	394	0
6440	81	292	0
6441	0	4	0
6442	0	249	0
6443	0	28	0
6444	0	309	0
6445	0	365	0
6446	0	71	1
6447	0	178	2
6448	0	222	2
6449	0	234	1
6450	0	240	1
6451	0	105	0
6452	0	128	0
6453	0	1	0
6454	0	0	0
6455	0	0	0
6456	0	376	5
6457	0	293	4
6458	0	124	2
6459	0	300	3
6460	0	206	0
6461	0	19	0
6462	0	113	0
6463	0	307	9
6464	0	132	4
6465	0	380	11
6466	0	231	6
6467	0	213	5
6468	0	81	2
6469	0	274	3
6470	0	147	0
6471	0	127	0
6472	0	165	0
6473	0	137	0
6474	0	114	0
6475	0	207	3
6476	0	195	2
6477	0	279	3
6478	0	105	0
6479	0	319	0
6480	0	156	0
6481	0	277	2
6482	0	152	1
6483	0	130	0
6484	0	128	1
6485	0	227	2
6486	0	168	1
6487	0	215	2
6488	0	102	1
6489	0	201	1
6490	0	116	1
6491	0	123	1
6492	0	120	1
6493	0	124	2
6494	0	116	2
6495	0	107	1
6496	0	357	0
6497	0	231	2
6498	0	130	1
6499	0	304	0
6500	0	104	0
6501	0	276	0
6502	0	129	2
6503	0	201	2
6504	0	279	1
6505	0	119	0
6506	0	126	1
6507	0	202	4
6508	0	148	2
6509	0	142	3
6510	0	132	1
6511	0	50	0
6512	0	317	3
6513	0	195	1
6514	0	135	2
6515	0	90	1
6516	0	122	2
6517	0	126	1
6518	0	283	1
6519	0	152	3
6520	0	114	1
6521	0	152	7
6522	0	133	6
6523	0	190	9
6524	0	144	7
6525	0	123	5
6526	0	179	7
6527	0	193	8
6528	0	170	7
6529	0	108	4
6530	0	203	8
6531	0	0	0
6532	0	0	0
6533	0	243	4
6534	0	202	3
6535	0	147	2
6536	0	154	2
6537	0	155	1
6538	0	213	1
6539	0	107	0
6540	0	363	0
6541	10	32	0
6542	0	260	0
6543	0	124	0
6544	54	102	0
6545	118	182	0
6546	85	185	0
6547	45	98	0
6548	132	222	0
6549	53	98	0
6550	56	146	0
6551	0	273	0
6552	0	232	0
6553	0	66	0
6554	0	104	0
6555	106	190	0
6556	67	121	0
6557	80	144	0
6558	102	184	0
6559	0	251	0
6560	0	192	0
6561	65	128	0
6562	89	166	0
6563	51	139	0
6564	0	331	0
6565	0	43	0
6566	0	44	0
6567	0	130	0
6568	13	30	0
6569	44	105	0
6570	45	54	0
6571	88	107	0
6572	0	415	0
6573	0	236	0
6574	0	311	0
6575	0	199	0
6576	70	95	0
6577	71	96	0
6578	69	93	0
6579	106	181	0
6580	87	149	0
6581	34	58	0
6582	0	200	0
6583	0	279	9
6584	0	308	10
6585	0	387	12
6586	0	390	12
6587	0	306	8
6588	0	299	8
6589	0	328	10
6590	0	230	6
6591	0	159	4
6592	0	29	1
6593	26	37	0
6594	105	109	3
6595	0	345	6
6596	0	368	7
6597	0	341	5
6598	98	216	1
6599	88	194	1
6600	102	224	0
6601	77	169	0
6602	89	195	0
6603	80	178	0
6604	83	183	0
6605	158	270	1
6606	212	362	1
6607	285	398	0
6608	215	369	0
6609	237	333	0
6610	355	497	0
6611	308	528	1
6612	274	308	1
6613	259	291	0
6614	161	180	1
6615	263	222	3
6616	267	226	2
6617	113	95	1
6618	190	189	2
6619	132	126	1
6620	260	259	1
6621	172	146	1
6622	96	96	0
6623	252	213	1
6624	135	113	0
6625	199	182	0
6626	238	218	0
6627	184	168	0
6628	217	199	0
6629	109	104	1
6630	115	110	0
6631	149	149	1
6632	0	0	0
6633	0	0	0
6634	0	0	0
6635	0	0	0
6636	0	0	0
6637	0	0	0
6638	0	0	0
6639	0	0	0
6640	0	0	0
6641	0	0	0
6642	0	0	0
6643	0	0	0
6644	0	0	0
6645	0	0	0
6646	0	0	0
6647	0	0	0
6648	0	0	0
6649	0	0	0
6650	0	0	0
6651	0	0	0
6652	0	0	0
6653	0	0	0
6654	0	0	0
6655	253	213	1
6656	0	0	0
6657	0	0	0
6658	1	1	0
6659	208	204	3
6660	195	193	2
6661	237	232	2
6662	239	234	2
6663	179	164	1
6664	182	166	1
6665	207	189	0
6666	146	133	0
6667	207	291	1
6668	202	283	1
6669	256	359	2
6670	186	262	0
6671	172	224	1
6672	178	232	0
6673	172	224	0
6674	232	303	0
6675	199	179	1
6676	188	164	1
6677	187	163	1
6678	244	213	0
6679	246	336	2
6680	233	318	1
6681	230	314	1
6682	193	263	0
6683	0	0	0
6684	0	0	0
6685	175	265	0
6686	188	285	0
6687	159	243	0
6688	181	276	0
6689	0	226	5
6690	0	355	8
6691	0	277	2
6692	0	174	6
6693	0	178	6
6694	0	159	6
6695	0	177	5
6696	0	100	3
6697	0	110	3
6698	0	124	4
6699	0	0	0
6700	0	386	12
6701	0	224	7
6702	0	220	6
6703	464	452	1
6704	456	350	2
6705	333	449	7
6706	306	379	2
6707	326	272	6
6708	438	293	4
6709	617	415	4
6710	503	332	2
6711	284	211	3
6712	533	385	5
6713	396	379	5
6714	407	297	1
6715	474	482	4
6716	438	490	1
6717	470	434	0
6718	527	583	0
6719	488	365	0
6720	426	560	1
6721	361	413	2
6722	134	252	3
6723	387	385	1
6724	0	368	13
6725	0	399	13
6726	554	341	0
6727	0	56	2
6728	0	238	6
6729	0	0	0
6730	0	43	1
6731	0	1	0
6732	0	3	0
6733	0	2	0
6734	0	0	0
6735	564	704	1
6736	0	0	0
6737	438	424	1
6738	0	28	1
6739	0	125	6
6740	369	301	1
6741	398	403	2
6742	0	127	4
6743	0	0	0
6744	137	220	0
6745	0	330	10
6746	0	129	4
6747	0	106	2
6748	0	103	2
6749	0	352	10
6750	0	22	1
6751	0	145	2
6752	0	336	3
6753	0	330	6
6754	0	227	4
6755	0	327	3
6756	0	221	1
6757	0	782	17
6758	0	0	0
6759	0	2	0
6760	0	332	7
6761	0	395	8
6762	0	217	7
6763	0	219	7
6764	0	262	7
6765	0	142	4
6766	0	388	9
6767	0	371	9
6768	0	210	4
6769	0	28	0
6770	0	2	0
6771	0	241	5
6772	0	96	1
6773	0	169	1
6774	0	1	0
6775	60	46	0
6776	79	85	0
6777	39	42	0
6778	64	69	0
6779	108	164	0
6780	80	238	0
6781	180	190	0
6782	57	174	0
6783	54	139	0
6784	32	51	0
6785	85	87	0
6786	25	32	0
6787	136	189	0
6788	177	225	0
6789	193	245	0
6790	161	205	0
6791	208	263	0
6792	135	172	0
6793	186	237	0
6794	193	245	0
6795	179	228	0
6796	92	100	0
6797	135	213	0
6798	139	233	0
6799	30	50	0
6800	117	253	0
6801	120	261	0
6802	91	147	0
6803	212	295	0
6804	170	237	0
6805	214	332	0
6806	181	276	0
6807	204	351	0
6808	175	280	0
6809	169	300	0
6810	178	227	0
6811	227	342	0
6812	68	111	0
6813	240	333	0
6814	121	190	0
6815	80	122	0
6816	72	115	0
6817	91	158	0
6818	88	112	0
6819	62	111	0
6820	31	56	0
6821	18	32	0
6822	0	0	0
6823	3	7	0
6824	0	0	0
6825	112	258	0
6826	65	50	0
6827	189	83	0
6828	112	102	0
6829	123	112	0
6830	109	100	0
6831	120	109	0
6832	140	214	0
6833	62	73	0
6834	193	227	0
6835	124	147	0
6836	100	102	0
6837	62	63	0
6838	0	0	0
6839	114	116	0
6840	45	75	0
6841	160	228	0
6842	38	54	0
6843	73	105	0
6844	122	268	0
6845	128	86	0
6846	180	149	0
6847	117	97	0
6848	108	118	0
6849	173	189	0
6850	181	198	0
6851	13	13	0
6852	150	164	0
6853	100	109	0
6854	158	173	0
6855	160	174	0
6856	2	2	0
6857	185	177	0
6858	7	6	0
6859	79	76	0
6860	200	160	0
6861	153	140	0
6862	45	42	0
6863	61	56	0
6864	96	132	0
6865	273	278	0
6866	97	99	0
6867	269	275	0
6868	76	78	0
6869	108	110	0
6870	139	151	0
6871	116	126	0
6872	213	232	0
6873	38	42	0
6874	125	136	0
6875	37	40	0
6876	248	270	0
6877	161	175	0
6878	162	177	0
6879	60	66	0
6880	179	196	0
6881	214	235	0
6882	102	112	0
6883	160	176	0
6884	124	136	0
6885	71	78	0
6886	118	130	0
6887	24	27	0
6888	1	1	0
6889	0	0	0
6890	0	0	0
6891	4	5	0
6892	0	0	0
6893	0	0	0
6894	169	243	0
6895	51	102	0
